# object 1 are the regular positions. The grid is 29 29 29. The origin is
# at [0 0 0], and the deltas are 1 in the first and third dimensions, and
# 2 in the second dimension
#
object 1 class gridpositions counts 29 29 29
origin 0 0 0
delta  1 0 0
delta  0 1 0
delta  0 0 1
#
# object 2 are the regular connections
#
object 2 class gridconnections counts 29 29 29
#
# object 3 are the data, which are in a one-to-one correspondence with
# the positions ("dep" on positions). The positions increment in the order
# "last index varies fastest", i.e. (x0, y0, z0), (x0, y0, z1), (x0, y0, z2),
# (x0, y1, z0), etc.
#
object 3 class array type int rank 0 items 24389 data follows
147 147 147 125 125 125 125 125 125 118 118 48 34 34 34 34 34 34 69 69 69 69 69 210 210 210 210 210 210 
147 147 147 125 125 125 125 125 125 125 48 48 48 34 34 34 34 34 34 69 69 120 120 210 210 210 210 210 210 
147 147 147 147 125 125 125 125 125 48 48 48 48 59 34 34 34 34 34 120 120 120 120 120 210 210 210 210 147 
147 147 147 147 147 125 125 75 48 48 48 48 48 48 34 34 34 34 202 120 120 120 120 120 120 210 210 147 147 
147 147 147 147 147 125 75 75 48 48 48 48 48 48 48 34 202 202 202 120 120 234 234 234 234 234 147 147 147 
147 147 147 147 147 75 75 75 48 48 48 48 48 48 48 202 202 202 202 202 120 234 234 4 4 4 4 147 147 
147 147 147 147 147 13 75 75 75 48 48 48 48 48 109 202 202 202 202 202 105 105 4 4 4 4 4 201 147 
27 147 147 237 13 13 13 13 13 13 48 48 48 109 109 109 202 202 202 105 105 105 4 4 4 4 27 27 27 
27 27 237 237 237 13 13 13 13 13 13 48 109 109 109 109 109 202 202 202 105 105 4 4 4 4 27 27 27 
27 27 237 237 237 13 13 13 13 13 98 98 109 109 109 109 109 109 202 202 105 105 4 4 4 27 27 27 27 
27 27 237 237 237 13 13 13 13 98 98 98 98 109 109 109 109 109 109 109 105 105 4 4 4 27 27 27 27 
27 27 237 97 97 97 13 13 98 98 98 98 98 109 22 22 22 190 190 77 77 77 191 191 191 27 27 27 27 
198 198 2 97 97 97 97 232 232 98 98 98 98 162 22 22 22 22 22 77 77 191 191 191 191 191 198 198 198 
198 2 2 97 97 97 97 232 232 232 119 119 119 119 56 56 56 56 127 127 77 191 191 191 191 191 198 198 198 
198 2 2 2 97 97 97 232 232 119 119 119 119 119 56 56 56 56 127 127 127 127 191 191 191 191 198 198 198 
2 2 2 2 2 97 97 232 232 119 119 119 119 119 56 56 56 56 127 127 127 127 127 191 191 42 198 198 198 
2 2 2 2 2 71 71 232 232 119 119 119 119 119 56 56 56 56 127 127 127 127 127 127 42 42 42 42 198 
2 2 2 2 2 68 68 68 68 119 119 119 119 119 165 165 165 165 90 127 127 127 127 42 42 42 42 42 42 
14 14 14 14 14 68 68 68 68 68 46 46 46 165 165 165 165 165 165 127 127 127 42 42 42 42 42 42 42 
14 14 14 14 14 14 68 68 68 68 46 46 46 165 165 165 165 165 165 90 90 10 10 42 42 42 42 42 42 
14 14 14 14 14 14 68 68 68 68 81 81 81 81 165 165 165 165 165 90 10 10 10 42 42 42 42 42 42 
14 14 14 14 14 14 14 68 68 68 81 81 81 81 165 165 165 165 165 10 10 10 10 10 66 66 66 157 157 
157 14 14 14 14 14 14 14 68 219 81 81 81 81 81 81 165 25 25 25 10 10 10 10 10 66 157 157 157 
157 14 14 14 14 14 14 219 219 219 219 81 81 111 111 111 25 25 25 25 10 10 10 10 10 66 157 157 157 
157 154 154 154 154 14 169 219 219 219 219 219 111 111 111 111 25 25 25 25 29 29 29 29 29 29 157 157 157 
157 154 154 154 154 154 169 219 219 219 219 219 111 111 111 111 25 25 25 25 25 29 29 29 29 29 157 157 157 
154 154 154 154 154 154 154 219 219 219 219 193 111 111 111 111 25 25 25 25 25 29 29 29 29 29 29 157 157 
154 154 154 154 154 154 154 219 219 219 193 193 193 111 111 111 25 25 25 25 69 29 179 179 29 29 29 210 210 
154 154 154 154 154 125 125 219 219 219 193 193 193 193 34 34 34 25 25 69 69 69 179 179 179 29 210 210 210 
147 147 147 147 125 125 125 118 118 118 118 118 34 34 34 34 34 34 69 69 69 69 69 120 210 210 210 210 210 
147 147 147 147 147 125 125 125 118 118 118 48 59 34 34 34 34 34 34 69 69 120 120 120 210 210 210 147 147 
147 147 147 147 147 147 125 118 118 118 48 48 59 59 34 34 34 34 34 120 120 120 120 120 235 210 210 147 147 
147 147 147 147 147 147 125 118 48 48 48 48 48 59 34 34 34 34 34 120 120 120 120 120 235 235 147 147 147 
147 147 147 147 147 147 75 75 48 48 48 48 48 48 34 34 34 202 202 120 120 120 120 120 235 235 147 147 147 
147 147 147 147 147 147 75 75 48 48 48 48 48 48 48 202 202 202 202 120 120 120 120 4 4 4 201 201 147 
147 147 147 147 147 13 13 13 48 48 48 48 48 48 109 202 202 202 202 105 105 105 4 4 4 4 201 201 201 
201 147 237 237 237 13 13 13 13 13 48 48 48 109 109 109 202 202 202 105 105 105 4 4 4 4 201 201 201 
27 237 237 237 237 13 13 13 13 13 13 48 109 109 109 109 109 202 202 202 105 105 4 4 4 4 27 27 27 
27 237 237 237 237 13 13 13 13 13 98 98 162 109 109 109 109 202 202 202 105 105 4 4 4 4 27 27 27 
27 237 237 237 237 237 13 13 13 98 98 98 162 109 109 109 109 109 109 109 105 77 4 4 4 27 27 27 27 
198 237 237 237 237 97 13 13 98 98 98 98 162 162 109 109 109 109 196 77 77 77 77 77 198 198 198 198 198 
198 198 237 97 97 97 97 232 232 98 98 98 162 162 162 109 109 196 196 77 77 77 77 77 198 198 198 198 198 
198 198 2 97 97 97 97 232 232 232 119 119 119 119 56 56 56 56 196 77 77 77 77 77 198 198 198 198 198 
198 2 2 2 97 97 97 232 232 119 119 119 119 119 56 56 56 56 56 127 77 77 77 191 198 198 198 198 198 
198 2 2 2 2 97 97 232 232 119 119 119 119 119 56 56 56 56 90 90 127 127 127 191 198 198 198 198 198 
2 2 2 2 2 2 2 232 232 119 119 119 119 119 56 56 56 108 90 90 90 90 127 42 42 42 42 198 198 
2 2 2 2 2 2 68 68 68 119 119 119 119 119 165 165 165 108 90 90 90 90 90 42 42 42 42 42 42 
14 14 14 14 14 14 68 68 68 119 119 119 119 165 165 165 165 165 90 90 90 90 42 42 42 42 42 42 42 
14 14 14 14 14 14 14 68 68 68 81 81 81 165 165 165 165 165 90 90 90 10 10 42 42 42 42 42 42 
14 14 14 14 14 14 14 68 68 68 81 81 81 81 165 165 165 165 165 90 10 10 10 42 66 66 42 42 42 
157 14 14 14 14 14 14 14 68 81 81 81 81 81 81 165 165 165 165 90 10 10 10 10 66 66 66 157 157 
157 14 14 14 14 14 14 169 169 219 81 81 81 81 81 81 25 25 25 25 10 10 10 10 66 66 66 157 157 
157 14 14 14 14 14 169 169 219 219 219 81 81 81 111 25 25 25 25 25 10 10 10 10 10 66 157 157 157 
157 154 154 154 154 8 169 169 219 219 219 219 111 111 111 25 25 25 25 25 25 10 10 10 10 157 157 157 157 
157 154 154 154 154 8 169 219 219 219 219 219 111 111 111 25 25 25 25 25 69 182 182 182 182 182 157 157 157 
154 154 154 154 154 154 154 219 219 219 219 219 111 111 111 25 25 25 25 69 69 69 182 182 182 182 157 157 157 
154 154 154 154 154 154 154 219 219 219 219 219 111 111 111 34 25 25 69 69 69 69 182 182 182 29 29 210 157 
154 154 154 154 154 154 154 219 219 219 219 219 111 111 34 34 34 34 69 69 69 69 69 179 179 29 210 210 210 
194 194 194 194 194 118 118 118 118 118 118 118 34 34 34 34 34 34 69 69 69 69 69 69 65 65 210 210 194 
147 147 147 147 147 118 118 118 118 118 118 59 59 34 34 34 34 34 34 34 69 120 120 120 235 210 210 147 147 
147 147 147 147 147 147 118 118 118 118 118 59 59 59 34 34 34 34 34 120 120 120 120 120 235 235 147 147 147 
147 147 147 147 147 147 118 118 118 48 48 48 59 59 34 34 34 34 34 120 120 120 120 120 235 235 147 147 147 
147 147 147 147 147 147 75 48 48 48 48 48 48 59 59 34 34 34 120 120 120 120 120 235 235 235 235 147 147 
147 147 147 147 147 13 13 13 48 48 48 48 48 59 59 202 202 202 202 120 120 120 120 235 235 4 201 201 147 
201 147 147 147 237 13 13 13 48 48 48 48 48 60 109 202 202 202 202 120 120 120 120 4 4 4 201 201 201 
201 201 237 237 237 13 13 13 13 13 48 60 60 109 109 109 202 202 202 120 105 105 4 4 4 4 201 201 201 
201 237 237 237 237 237 13 13 13 13 13 60 60 109 109 109 109 202 202 202 105 105 4 4 4 4 201 201 201 
237 237 237 237 237 237 13 13 13 13 98 162 162 109 109 109 109 202 202 202 105 105 4 4 4 4 201 201 201 
198 237 237 237 237 237 237 13 13 98 98 162 162 162 109 109 109 109 109 3 77 77 77 4 4 198 198 198 198 
198 237 237 237 237 11 11 232 98 98 98 162 162 162 162 109 109 196 196 77 77 77 77 77 198 198 198 198 198 
198 198 237 237 97 97 97 232 232 98 98 162 162 162 162 162 196 196 196 77 77 77 77 77 198 198 198 198 198 
198 198 2 97 97 97 232 232 232 232 119 119 119 162 56 56 196 196 196 77 77 77 77 77 198 198 198 198 198 
198 2 2 2 97 97 97 232 232 119 119 119 119 119 56 56 56 56 196 77 77 77 77 77 198 198 198 198 198 
198 2 2 2 2 97 97 232 232 119 119 119 119 119 56 56 56 108 90 90 90 90 77 77 198 198 198 198 198 
198 2 2 2 2 2 2 232 232 119 119 119 119 119 56 56 56 108 90 90 90 90 90 42 42 42 198 198 198 
198 2 2 2 2 2 2 68 232 119 119 119 119 119 165 165 108 108 90 90 90 90 90 42 42 42 42 42 42 
113 113 113 113 113 113 113 68 68 119 119 119 119 165 165 165 165 108 90 90 90 90 90 42 42 42 42 42 42 
113 14 14 14 14 14 14 14 68 81 81 81 81 165 165 165 165 165 90 90 90 90 10 42 42 42 42 42 42 
113 14 14 14 14 14 14 14 68 81 81 81 81 81 165 165 165 165 165 90 90 10 10 42 66 66 42 42 42 
113 14 14 14 14 14 14 14 169 81 81 81 81 81 81 165 165 165 25 25 10 10 10 10 66 66 66 157 157 
157 14 14 14 14 14 14 169 169 169 81 81 81 81 81 25 25 25 25 25 10 10 10 10 66 66 66 157 157 
157 14 14 14 14 14 169 169 169 169 219 81 81 81 81 25 25 25 25 25 25 10 10 10 10 66 157 157 157 
157 154 154 154 8 8 169 169 169 219 219 219 111 111 111 25 25 25 25 25 25 10 10 182 182 182 157 157 157 
157 154 154 154 154 8 8 169 219 219 219 219 111 111 111 25 25 25 25 25 69 182 182 182 182 182 157 157 157 
154 154 154 154 154 8 8 169 219 219 219 219 111 111 111 25 25 25 25 69 69 69 182 182 182 182 182 157 157 
154 154 154 154 154 154 8 169 219 219 219 219 111 111 111 34 25 25 69 69 69 69 182 182 182 182 182 157 157 
194 154 154 154 154 154 154 118 219 219 219 219 111 111 34 34 34 69 69 69 69 69 69 182 182 182 65 210 194 
194 194 194 194 194 118 118 118 118 118 118 118 59 34 34 34 34 34 69 69 69 69 69 69 65 65 65 65 194 
194 194 194 194 194 118 118 118 118 118 118 59 59 59 34 34 34 34 34 34 69 69 120 120 120 65 65 65 194 
194 194 194 194 194 118 118 118 118 118 118 59 59 59 34 34 34 34 34 120 120 120 120 120 120 65 65 194 194 
147 147 147 147 147 118 118 118 118 118 118 59 59 59 59 34 34 34 34 120 120 120 120 120 235 235 65 147 147 
147 147 147 147 147 147 118 118 118 48 48 59 59 59 59 59 59 34 120 120 120 120 120 235 235 235 235 201 147 
147 147 147 147 147 184 13 13 48 48 48 60 59 59 59 59 202 202 120 120 120 120 120 235 235 235 201 201 147 
201 201 147 237 237 237 13 13 48 60 60 60 60 60 60 202 202 202 120 120 120 120 120 235 235 201 201 201 201 
201 201 237 237 237 237 13 13 13 60 60 60 60 60 109 109 202 202 202 120 120 120 120 4 4 201 201 201 201 
201 237 237 237 237 237 237 13 13 60 60 60 60 60 109 109 109 202 202 120 120 120 4 4 4 201 201 201 201 
201 237 237 237 237 237 237 13 13 13 60 60 162 162 109 109 109 202 202 3 3 3 3 4 4 201 201 201 201 
198 237 237 237 237 237 11 11 98 98 98 162 162 162 162 109 109 196 196 3 3 3 3 3 3 198 198 198 198 
198 237 237 237 237 11 11 11 98 98 98 162 162 162 162 162 196 196 196 77 77 77 77 77 198 198 198 198 198 
198 198 237 237 11 11 11 232 232 98 98 162 162 162 162 162 196 196 196 77 77 77 77 77 198 198 198 198 198 
198 198 237 237 97 97 232 232 232 232 119 119 162 162 162 196 196 196 196 77 77 77 77 77 198 198 198 135 198 
198 198 2 2 97 97 232 232 232 119 119 119 119 119 56 56 56 196 196 77 77 77 77 77 198 198 198 198 198 
198 198 2 2 2 97 97 232 232 119 119 119 119 119 56 56 56 108 90 90 90 90 90 77 198 198 198 198 198 
198 2 2 2 2 2 97 232 232 119 119 119 119 119 56 108 108 108 90 90 90 90 90 90 42 198 198 198 198 
113 113 113 113 113 113 113 113 113 119 119 119 119 119 165 108 108 108 90 90 90 90 90 42 42 42 42 198 198 
113 113 113 113 113 113 113 113 113 119 119 119 150 165 165 165 108 108 90 90 90 90 90 42 42 42 42 42 42 
113 113 113 113 113 113 113 113 113 81 81 81 81 81 165 165 165 108 90 90 90 90 90 42 42 42 42 42 42 
113 113 113 113 113 113 113 113 113 81 81 81 81 81 165 165 165 223 223 223 176 176 10 42 66 66 42 42 42 
113 113 113 14 14 14 14 14 169 88 81 81 81 81 81 165 165 223 223 176 176 176 10 10 66 66 66 157 157 
113 113 14 14 14 14 169 169 169 169 88 81 81 81 81 25 25 25 25 176 176 176 10 10 10 66 66 157 157 
157 113 14 14 14 169 169 169 169 169 88 88 88 81 81 25 25 25 25 25 176 176 10 10 182 66 157 157 157 
157 154 154 8 8 8 169 169 169 169 88 88 88 111 23 23 25 25 25 25 176 176 182 182 182 182 157 157 157 
157 154 154 154 8 8 8 169 169 219 219 88 111 111 23 23 25 25 25 25 69 182 182 182 182 182 182 157 157 
154 154 154 154 8 8 8 169 169 219 219 219 111 111 23 23 25 25 25 69 69 69 182 182 182 182 182 157 157 
194 154 154 154 154 8 8 8 219 219 219 219 111 111 23 34 25 69 69 69 69 69 182 182 182 182 182 65 65 
194 194 194 154 154 154 118 118 118 118 118 118 34 34 34 34 34 69 69 69 69 69 69 182 182 65 65 65 194 
194 194 194 194 194 118 118 118 118 118 118 118 59 59 34 34 34 34 69 69 69 69 69 65 65 65 65 65 194 
194 194 194 194 194 118 118 118 118 118 118 59 59 59 59 34 34 34 34 69 69 120 120 120 65 65 65 65 194 
194 194 194 194 194 118 118 118 118 118 118 59 59 59 59 34 34 34 34 120 120 120 120 120 65 65 65 194 194 
194 194 194 194 194 118 118 118 118 118 59 59 59 59 59 59 34 34 103 120 120 120 120 120 235 235 65 194 194 
194 194 194 194 184 184 118 118 118 118 59 59 59 59 59 59 59 103 103 103 120 120 120 235 235 235 235 201 194 
194 194 194 184 184 184 184 204 204 60 60 60 59 59 59 59 59 103 103 103 120 120 120 235 235 235 201 201 201 
201 201 237 237 184 184 204 204 204 60 60 60 60 60 60 59 202 103 103 103 120 120 120 235 235 201 201 201 201 
201 201 237 237 237 237 13 204 80 60 60 60 60 60 60 60 202 202 103 120 120 120 120 235 235 201 201 201 201 
201 237 237 237 237 237 237 80 80 60 60 60 60 60 60 109 57 57 57 120 120 120 120 120 4 201 201 201 201 
201 237 237 237 237 237 237 237 80 60 60 60 60 162 162 162 57 57 57 3 3 3 3 3 3 201 201 201 201 
148 237 237 237 237 237 11 11 11 98 60 162 162 162 162 162 57 57 57 3 3 3 3 3 3 198 198 198 198 
198 237 237 237 237 11 11 11 11 98 98 162 162 162 162 162 196 196 196 3 3 3 3 3 3 198 198 198 198 
198 198 237 237 237 11 11 11 11 98 98 162 162 162 162 162 196 196 196 3 77 77 77 3 198 198 198 198 198 
198 198 237 237 11 11 11 11 232 232 119 162 162 162 162 196 196 196 196 77 77 77 77 77 198 198 198 198 198 
198 198 198 237 11 11 11 232 232 119 119 119 162 162 162 196 196 196 196 77 77 77 77 77 198 198 198 198 198 
198 198 2 2 2 97 97 232 232 119 119 119 119 244 244 244 108 108 90 90 90 90 77 77 198 198 198 198 198 
198 113 113 113 113 113 113 79 79 119 119 119 119 244 244 244 108 108 90 90 90 90 90 45 198 198 198 198 198 
113 113 113 113 113 113 113 113 113 89 119 119 150 244 244 244 108 108 90 90 90 90 90 45 45 42 198 198 198 
113 113 113 113 113 113 113 113 113 89 89 150 150 150 150 108 108 108 90 90 90 90 90 45 42 42 42 32 32 
113 113 113 113 113 113 113 113 113 88 81 81 150 150 150 223 223 223 223 90 90 90 176 176 42 42 32 32 32 
113 113 113 113 113 113 113 113 113 88 81 81 81 150 150 223 223 223 223 223 176 176 176 176 66 66 42 32 32 
113 113 113 113 113 113 113 113 169 88 88 88 81 81 81 223 223 223 223 176 176 176 176 176 176 66 66 32 32 
113 113 113 113 113 113 169 169 169 88 88 88 88 88 88 23 25 25 25 176 176 176 176 176 176 66 66 157 157 
113 113 113 113 113 169 169 169 169 88 88 88 88 88 23 23 25 25 25 176 176 176 176 176 182 182 157 157 157 
157 1 1 8 8 8 169 169 169 169 88 88 88 88 23 23 25 25 25 25 176 176 176 182 182 182 112 157 157 
194 154 154 8 8 8 8 169 169 169 88 88 88 23 23 23 23 25 25 25 69 176 182 182 182 182 112 112 157 
194 154 154 154 8 8 8 169 169 169 88 88 88 23 23 23 23 25 69 69 69 69 182 182 182 112 112 112 112 
194 194 194 154 8 8 8 169 169 219 219 88 88 23 23 23 23 69 69 69 69 69 182 182 182 112 65 65 65 
194 194 194 194 194 8 118 118 118 118 118 118 34 34 34 34 34 69 69 69 69 69 69 182 65 65 65 65 194 
194 194 194 194 194 118 118 118 118 118 118 118 59 59 59 34 34 34 69 69 69 69 65 65 65 65 65 65 194 
194 194 194 194 194 118 118 118 118 118 118 59 59 59 59 59 34 34 34 69 69 120 120 65 65 65 65 65 194 
194 194 194 194 194 118 118 118 118 118 118 59 59 59 59 59 59 59 103 103 120 120 120 65 65 65 65 65 194 
194 194 194 194 184 184 118 118 118 118 59 59 59 59 59 59 59 59 103 103 103 120 120 120 235 65 65 65 194 
194 194 194 184 184 184 184 184 204 80 59 59 59 59 59 59 59 103 103 103 103 216 216 235 235 235 235 65 194 
194 194 194 184 184 184 184 204 204 80 60 60 59 59 59 59 59 103 103 103 216 216 216 235 235 235 201 201 201 
148 148 148 184 184 184 204 204 204 80 60 60 60 60 60 59 103 103 103 103 216 216 216 235 235 201 201 201 201 
148 148 148 237 184 184 204 204 204 80 60 60 60 60 60 60 57 103 103 103 120 120 120 235 235 201 201 201 201 
148 148 148 237 237 237 237 80 80 80 60 60 60 60 60 57 57 57 57 57 3 3 120 3 3 201 201 201 201 
148 148 148 237 237 237 237 80 80 80 60 60 60 60 60 57 57 57 57 57 3 3 3 3 3 142 142 201 201 
148 148 237 237 237 237 237 237 80 80 60 60 162 162 162 57 57 57 57 57 3 3 3 3 3 142 142 142 142 
142 148 237 237 237 237 237 237 80 80 60 162 162 162 162 162 57 57 57 3 3 3 3 3 3 142 142 142 142 
198 198 237 237 237 237 11 11 11 98 98 162 162 162 162 162 196 196 57 3 3 3 3 3 3 198 198 198 198 
198 198 237 237 237 237 11 24 24 24 236 162 162 162 162 196 196 196 196 3 3 3 3 3 3 198 198 198 198 
198 198 198 237 79 79 79 79 24 236 119 119 162 244 244 244 196 196 196 3 77 77 77 77 198 198 198 198 198 
198 198 113 113 79 79 79 79 79 79 89 119 244 244 244 244 244 108 90 90 90 45 45 45 198 198 198 198 198 
113 113 113 113 113 79 79 79 79 89 89 119 150 244 244 244 244 108 90 90 90 45 45 45 45 198 198 198 198 
113 113 113 113 113 113 79 79 79 89 89 150 150 244 244 244 244 223 90 90 90 45 45 45 45 32 32 32 32 
113 113 113 113 113 113 113 79 79 89 89 150 150 150 150 244 223 223 223 90 90 45 45 45 32 32 32 32 32 
113 113 113 113 113 113 113 113 113 89 89 150 150 150 150 150 223 223 223 223 90 45 45 166 166 32 32 32 32 
113 113 113 113 113 113 113 113 113 88 88 150 150 150 150 150 223 223 223 223 176 176 176 166 166 32 32 32 32 
113 113 113 113 113 113 113 113 169 88 88 88 88 150 150 150 223 223 223 176 176 176 176 176 176 32 32 32 32 
113 113 113 113 113 113 169 169 169 88 88 88 88 88 150 150 223 25 176 176 176 176 176 176 112 112 112 32 32 
1 1 1 1 1 1 169 169 169 88 88 88 88 88 23 23 23 25 25 176 176 176 176 176 112 112 112 112 112 
1 1 1 1 1 8 169 169 169 88 88 88 88 88 23 23 23 25 25 176 176 176 176 176 112 112 112 112 112 
194 1 1 1 8 8 169 169 169 88 88 88 88 23 23 23 23 23 25 99 176 176 176 182 112 112 112 112 112 
194 194 194 1 8 8 8 169 169 88 88 88 88 23 23 23 23 23 69 69 99 99 182 182 112 112 112 112 112 
194 194 194 194 8 8 161 161 161 161 88 88 88 23 23 23 23 69 69 69 69 69 182 182 112 112 65 65 65 
194 194 194 194 194 118 118 118 118 118 118 118 88 23 23 23 23 69 69 69 69 69 69 65 65 65 65 65 194 
194 194 194 194 194 194 118 118 118 118 118 118 59 59 59 34 34 34 69 69 69 126 65 65 65 65 65 65 65 
194 194 194 194 194 118 118 118 118 118 118 59 59 59 59 59 59 59 213 69 126 126 126 65 65 65 65 65 194 
194 194 194 194 194 184 118 118 118 118 118 59 59 59 59 59 59 59 213 103 103 216 216 65 65 65 65 65 194 
194 194 194 194 184 184 184 118 118 118 59 59 59 59 59 59 59 59 103 103 103 216 216 26 65 65 65 65 194 
194 194 194 184 184 184 184 184 204 80 80 59 59 59 59 59 59 103 103 103 216 216 216 216 216 65 65 65 194 
194 194 194 184 184 184 184 204 204 80 80 60 59 59 59 59 59 103 103 103 216 216 216 216 216 216 174 174 174 
148 148 148 184 184 184 184 204 204 80 80 60 60 60 60 59 103 103 103 103 216 216 216 216 216 201 201 201 201 
148 148 148 184 184 184 204 204 204 80 80 60 60 60 60 60 57 103 103 103 216 216 216 216 218 201 201 201 201 
148 148 148 148 237 184 80 80 80 80 80 60 60 60 60 57 57 57 57 57 3 3 3 3 3 201 201 201 148 
148 148 148 148 237 237 237 80 80 80 80 60 60 60 60 57 57 57 57 57 3 3 3 3 3 142 142 142 148 
148 148 148 148 237 237 237 80 80 80 80 60 60 60 162 57 57 57 57 57 3 3 3 3 3 142 142 142 142 
142 148 148 237 237 237 237 24 80 80 80 162 162 162 162 57 57 57 57 57 3 3 3 3 3 142 142 142 142 
142 142 148 237 237 237 24 24 24 24 236 162 162 162 162 57 57 57 57 3 3 3 3 3 3 142 142 142 142 
142 142 148 237 237 24 24 24 24 24 236 74 74 74 74 74 57 57 57 3 3 3 3 3 3 142 142 142 142 
198 198 113 113 79 79 79 79 24 236 236 74 74 74 74 244 244 244 57 3 3 3 3 3 67 198 198 198 198 
198 113 113 113 79 79 79 79 79 79 89 89 150 244 244 244 244 244 90 45 45 45 45 45 67 198 198 198 198 
113 113 113 113 79 79 79 79 79 89 89 89 150 244 244 244 244 244 90 45 45 45 45 45 45 32 32 32 32 
113 113 113 113 113 79 79 79 79 89 89 89 150 150 244 244 244 223 223 45 45 45 45 45 45 32 32 32 32 
113 113 113 113 113 113 79 79 79 89 89 89 150 150 150 150 223 223 223 45 45 45 45 45 166 32 32 32 32 
32 113 113 113 113 113 113 113 79 89 89 150 150 150 150 150 223 223 223 223 45 45 45 166 166 32 32 32 32 
32 113 113 113 113 113 113 113 209 88 150 150 150 150 150 150 223 223 223 223 176 176 166 166 166 32 32 32 32 
113 113 113 113 113 113 113 209 209 88 88 88 150 150 150 150 223 223 223 176 176 176 176 176 228 32 32 32 32 
113 1 1 1 1 1 1 169 169 88 88 88 88 88 150 150 223 223 176 176 176 176 176 176 112 112 112 32 32 
1 1 1 1 1 1 1 169 169 88 88 88 88 88 23 23 23 23 25 176 176 176 176 176 112 112 112 112 112 
1 1 1 1 1 1 1 169 169 88 88 88 88 88 23 23 23 23 23 176 176 176 176 176 112 112 112 112 112 
1 1 1 1 1 1 161 161 161 88 88 88 88 23 23 23 23 23 99 99 99 99 176 112 112 112 112 112 112 
194 194 1 1 1 1 161 161 161 161 88 88 88 23 23 23 23 23 99 99 99 99 99 112 112 112 112 112 112 
194 194 194 194 194 161 161 161 161 161 139 139 139 139 23 23 23 23 99 99 99 99 99 112 112 112 65 65 65 
194 194 194 194 194 161 161 161 161 161 161 139 139 139 23 23 23 69 99 99 99 99 99 65 65 65 65 65 65 
194 194 194 43 43 43 43 161 161 161 139 139 139 59 31 31 31 31 213 69 126 126 126 65 65 65 65 65 65 
194 194 194 43 43 43 118 118 118 118 118 59 59 59 59 31 31 213 213 213 126 126 126 65 65 65 65 65 65 
194 194 194 43 43 184 184 118 118 118 118 59 59 59 59 59 213 213 213 213 126 126 26 26 65 65 65 65 174 
194 194 194 184 184 184 184 184 118 80 59 59 59 59 59 59 213 213 213 213 213 216 26 26 26 174 174 174 174 
194 194 194 184 184 184 184 184 80 80 80 59 59 59 59 59 213 213 213 103 216 216 26 26 26 174 174 174 174 
194 194 184 184 184 184 184 184 80 80 80 80 59 59 59 59 213 213 103 103 216 216 216 216 26 174 174 174 174 
148 148 148 184 184 184 184 204 80 80 80 80 60 60 59 59 213 103 103 185 185 216 216 216 218 218 174 174 174 
148 148 148 184 184 184 184 80 80 80 80 80 60 60 60 57 57 185 185 185 185 216 218 218 218 218 201 174 148 
148 148 148 148 184 184 80 80 80 80 80 80 60 60 60 57 57 57 57 185 185 218 218 218 218 218 142 142 148 
148 148 148 148 148 184 80 80 80 80 80 80 60 60 60 57 57 57 57 57 3 3 3 3 218 142 142 142 148 
148 148 148 148 148 237 24 80 80 80 80 80 60 60 74 57 57 57 57 57 3 3 3 3 3 142 142 142 142 
142 148 148 148 237 24 24 24 24 24 80 74 74 74 74 57 57 57 57 57 3 3 3 3 3 142 142 142 142 
142 142 148 148 24 24 24 24 24 24 236 74 74 74 74 74 57 57 57 3 3 3 3 3 67 142 142 142 142 
142 142 148 24 24 24 24 24 24 236 236 74 74 74 74 74 57 57 57 3 3 3 67 67 67 67 142 142 142 
142 113 113 113 79 79 24 24 24 236 236 74 74 74 74 74 74 57 45 45 3 67 67 67 67 67 142 142 142 
113 113 113 113 79 79 79 79 79 236 236 89 74 74 244 244 244 244 45 45 45 45 45 45 67 67 67 142 142 
113 113 113 113 79 79 79 79 79 89 89 89 150 150 244 244 244 244 45 45 45 45 45 45 45 32 32 32 32 
113 113 113 113 113 79 79 79 79 89 89 89 150 150 150 244 150 129 223 45 45 45 45 45 166 32 32 32 32 
32 113 113 113 113 79 79 79 79 89 89 89 150 150 150 150 150 129 33 45 45 45 45 166 166 32 32 32 32 
32 113 113 113 113 113 79 79 79 89 89 89 150 150 150 150 150 223 33 33 45 45 166 166 166 32 32 32 32 
32 113 113 113 113 113 209 209 209 209 150 150 150 150 150 150 150 223 33 33 33 33 166 166 166 32 32 32 32 
32 1 1 1 1 1 209 209 209 209 150 150 150 150 150 150 150 223 82 82 82 82 176 228 228 228 32 32 32 
1 1 1 1 1 1 209 209 209 88 88 88 88 150 150 150 150 82 82 82 176 176 176 228 228 228 228 228 228 
1 1 1 1 1 1 1 209 209 88 88 88 88 88 23 23 23 23 82 176 176 176 176 112 112 112 228 228 228 
1 1 1 1 1 1 1 161 161 88 88 88 88 88 23 23 23 23 99 99 99 176 176 112 112 112 112 112 112 
1 1 1 1 1 1 161 161 161 161 88 88 88 88 23 23 23 23 99 99 99 99 99 112 112 112 112 112 112 
194 1 1 1 1 1 161 161 161 161 139 139 139 139 23 23 23 23 99 99 99 99 99 112 112 112 112 112 112 
194 194 194 38 38 38 161 161 161 161 139 139 139 139 139 23 23 99 99 99 99 99 99 112 112 112 112 65 65 
194 194 194 43 43 43 161 161 161 161 139 139 139 139 139 23 23 99 99 99 99 99 99 65 65 65 65 65 65 
194 43 43 43 43 43 43 161 161 161 139 139 139 139 31 31 31 31 213 5 126 126 126 126 65 65 65 65 65 
194 43 43 43 43 43 43 161 161 161 139 139 139 59 31 31 31 213 213 213 126 126 126 126 65 65 65 65 174 
174 43 43 43 43 43 43 241 118 118 139 59 59 59 31 31 213 213 213 213 126 126 26 26 26 174 174 174 174 
174 43 43 43 184 184 184 184 184 80 80 59 59 59 59 213 213 213 213 213 213 26 26 26 26 174 174 174 174 
174 174 43 184 184 184 184 184 80 80 80 80 59 59 59 213 213 213 213 213 213 26 26 26 26 174 174 174 174 
174 174 184 184 184 184 184 184 80 80 80 80 80 59 59 213 213 213 213 185 185 26 26 26 26 174 174 174 174 
148 148 148 184 184 184 184 80 80 80 80 80 80 80 246 246 213 185 185 185 185 185 218 218 218 218 174 174 174 
148 148 148 184 184 184 184 80 80 80 80 80 80 80 246 246 246 185 185 185 185 185 218 218 218 218 76 76 76 
148 148 148 148 148 184 80 80 80 80 80 80 80 60 246 246 57 57 185 185 185 218 218 218 218 218 76 76 148 
148 148 148 148 148 184 80 80 80 80 80 80 80 60 246 246 57 57 57 185 185 218 218 218 218 218 142 142 148 
148 148 148 148 148 24 24 24 80 80 80 80 74 74 74 57 57 57 57 57 57 218 218 218 218 142 142 142 142 
142 148 148 148 24 24 24 24 24 24 236 74 74 74 74 74 57 57 57 57 67 67 67 67 67 142 142 142 142 
142 142 148 24 24 24 24 24 24 236 236 74 74 74 74 74 74 57 57 3 67 67 67 67 67 142 142 142 142 
142 142 148 24 24 24 24 24 24 236 236 74 74 74 74 74 74 21 21 67 67 67 67 67 67 67 142 142 142 
142 123 113 24 24 24 24 24 24 236 236 74 74 74 74 74 74 21 21 67 67 67 67 67 67 67 67 142 142 
123 113 113 113 79 79 79 24 24 236 236 74 74 74 74 74 74 21 129 45 45 45 67 67 67 67 67 67 142 
113 113 113 113 79 79 79 79 79 89 89 89 150 150 150 150 129 129 129 45 45 45 45 45 67 67 51 32 32 
113 113 113 113 79 79 79 79 79 89 89 89 150 150 150 150 129 129 129 45 45 45 45 166 166 166 32 32 32 
32 113 113 113 113 79 79 79 140 89 89 89 150 150 150 150 129 129 33 33 45 45 45 166 166 166 32 32 32 
32 113 113 113 113 217 209 209 140 89 89 89 150 150 150 150 129 129 33 33 33 45 166 166 166 238 32 32 32 
32 113 113 113 113 209 209 209 209 209 89 150 150 150 150 150 129 129 33 33 82 82 166 166 166 238 32 32 32 
32 1 1 1 1 209 209 209 209 209 150 150 150 150 150 150 150 82 82 82 82 82 82 228 228 228 228 32 32 
1 1 1 1 1 1 209 209 209 209 150 150 150 150 150 150 82 82 82 82 82 82 82 228 228 228 228 228 228 
1 1 1 1 1 1 209 209 209 209 88 88 88 150 150 23 23 82 82 82 82 82 228 228 228 228 228 228 228 
1 1 1 1 1 1 1 209 209 88 88 88 88 88 23 23 23 124 99 99 99 99 99 228 112 112 228 228 228 
1 1 1 1 1 1 161 161 161 161 139 139 139 139 23 23 23 124 99 99 99 99 99 112 112 112 112 112 112 
38 38 38 38 38 38 161 161 161 161 139 139 139 139 139 23 23 124 99 99 99 99 99 112 112 112 112 112 112 
194 38 38 38 38 38 161 161 161 161 139 139 139 139 139 23 23 124 99 99 99 99 99 112 112 112 112 65 65 
194 43 43 43 43 43 161 161 161 161 139 139 139 139 139 139 23 124 99 99 99 99 99 65 65 65 65 65 65 
194 43 43 43 43 43 43 161 161 161 139 139 139 139 31 31 31 31 5 5 126 126 126 126 65 65 65 65 65 
174 43 43 43 43 43 43 241 241 241 139 139 139 31 31 31 31 213 213 126 126 126 126 26 26 65 174 174 174 
174 43 43 43 43 43 241 241 241 241 241 139 59 31 31 31 213 213 213 213 126 126 26 26 26 174 174 174 174 
174 43 43 43 43 184 241 241 241 241 241 59 59 59 31 213 213 213 213 213 5 26 26 26 26 174 174 174 174 
174 174 43 184 184 184 184 241 241 80 80 80 59 59 246 213 213 213 213 213 213 26 26 26 26 174 174 174 174 
174 174 184 184 184 184 184 184 80 80 80 80 80 246 246 246 213 213 213 185 185 26 26 26 26 174 174 174 174 
174 148 148 184 184 184 184 80 80 80 80 80 80 246 246 246 246 246 185 185 185 218 218 218 218 218 76 174 174 
148 148 148 184 184 184 184 80 80 80 80 80 80 246 246 246 246 185 185 185 185 218 218 218 218 218 76 76 76 
148 148 148 148 148 184 80 80 80 80 80 80 80 246 246 246 246 246 185 185 185 218 218 218 218 218 76 76 76 
148 148 148 148 148 24 24 80 80 80 80 80 80 246 246 246 246 246 185 185 218 218 218 218 218 218 76 76 76 
148 148 148 148 148 24 24 24 24 80 80 80 74 74 246 246 246 57 185 185 218 218 218 218 218 76 142 142 142 
142 148 148 148 24 24 24 24 24 236 236 74 74 74 74 74 21 21 57 67 67 67 67 67 67 67 142 142 142 
142 148 148 24 24 24 24 24 24 236 236 74 74 74 74 74 21 21 21 67 67 67 67 67 67 67 142 142 142 
142 123 123 24 24 24 24 24 24 236 236 74 74 74 74 74 21 21 21 67 67 67 67 67 67 67 67 142 142 
123 123 123 24 24 24 24 24 24 236 236 74 74 74 74 74 21 21 21 67 67 67 67 67 67 67 67 67 142 
123 123 123 123 24 24 24 24 24 236 236 74 74 74 74 74 129 21 129 36 67 67 67 67 67 51 51 51 51 
123 123 113 113 79 79 79 79 24 89 89 150 150 150 150 150 129 129 129 45 45 45 45 67 67 51 51 51 51 
113 113 113 217 217 79 79 140 140 89 89 150 150 150 150 129 129 129 129 33 45 45 45 166 166 166 51 32 32 
32 113 113 217 217 217 217 140 140 140 89 150 150 150 150 129 129 129 129 33 33 45 166 166 166 238 32 32 32 
32 32 41 217 217 217 217 140 140 140 140 150 150 150 150 129 129 129 33 33 33 33 166 166 238 238 32 32 32 
32 41 41 41 217 217 209 209 209 140 140 140 150 150 150 150 129 82 82 82 82 82 166 238 238 238 238 32 32 
32 1 41 41 41 209 209 209 209 209 140 140 150 150 150 150 129 82 82 82 82 82 82 238 238 228 228 228 32 
1 1 1 1 41 209 209 209 209 209 140 140 150 150 150 150 82 82 82 82 82 82 228 228 228 228 228 228 228 
1 1 1 1 1 1 209 209 209 209 140 88 88 150 150 124 124 124 82 82 82 82 228 228 228 228 228 228 228 
1 1 1 1 1 1 209 209 209 161 143 143 143 143 143 124 124 124 124 99 99 99 228 228 228 228 228 228 228 
38 38 38 38 38 38 161 161 161 161 139 139 139 139 124 124 124 124 124 99 99 99 99 228 112 112 112 228 228 
38 38 38 38 38 38 161 161 161 161 139 139 139 139 139 124 124 124 124 99 99 99 99 112 112 112 112 112 112 
38 38 38 38 38 38 161 161 161 161 139 139 139 139 139 124 124 124 124 99 99 99 99 112 112 112 112 112 112 
43 43 43 38 38 38 161 161 161 161 139 139 139 139 139 124 124 124 124 5 5 5 5 5 65 65 65 65 65 
43 43 43 43 43 43 43 43 161 53 139 139 139 139 31 31 31 31 5 5 5 5 5 5 5 65 65 65 174 
174 43 43 43 43 43 241 241 241 241 139 139 139 31 31 31 31 213 213 5 5 5 5 5 26 174 174 174 174 
174 43 43 43 43 43 241 241 241 241 241 52 52 31 31 31 213 213 213 5 5 5 5 26 26 174 174 174 174 
174 43 43 43 43 241 241 241 241 241 241 52 52 52 31 213 213 213 213 213 5 5 26 26 26 174 174 174 174 
174 174 43 43 43 241 241 241 241 241 52 52 52 246 246 213 213 213 213 213 5 5 26 26 26 174 174 174 174 
174 174 43 184 184 222 241 241 163 163 163 163 246 246 246 246 246 213 213 185 185 218 218 218 218 174 174 174 174 
76 76 148 211 222 222 222 163 163 163 163 163 246 246 246 246 246 246 185 185 185 218 218 218 218 218 76 76 76 
76 76 148 211 222 222 222 163 163 163 163 163 246 246 246 246 246 246 185 185 185 218 218 218 218 218 76 76 76 
76 76 148 211 211 222 222 163 163 163 163 163 246 246 246 246 246 246 185 185 218 218 218 218 218 218 76 76 76 
76 76 76 211 211 211 222 163 163 163 163 163 246 246 246 246 246 246 185 185 218 218 218 218 218 76 76 76 76 
76 76 148 211 211 24 24 24 24 163 163 163 74 246 246 246 246 246 21 185 218 218 218 218 218 76 76 76 76 
76 76 148 211 24 24 24 24 24 236 236 236 74 74 74 74 21 21 21 67 67 67 67 67 67 67 76 76 76 
76 76 123 24 24 24 24 24 24 236 236 236 74 74 74 74 21 21 21 67 67 67 67 67 67 67 67 76 76 
123 123 123 24 24 24 24 24 24 236 236 74 74 74 74 74 21 21 21 67 67 67 67 67 67 67 67 67 76 
123 123 123 123 24 24 24 24 24 236 236 74 74 74 74 74 21 21 21 67 67 67 67 67 67 51 51 51 51 
123 123 123 123 24 24 24 24 24 171 171 171 74 74 74 74 21 21 21 36 36 36 36 67 51 51 51 51 51 
123 123 123 123 217 217 217 140 140 140 171 171 74 150 74 129 129 129 129 36 36 36 36 67 51 51 51 51 51 
123 123 123 217 217 217 217 140 140 140 140 140 150 150 150 129 129 129 129 33 36 36 36 166 51 51 51 51 51 
32 178 217 217 217 217 217 140 140 140 140 140 150 150 150 129 129 129 129 33 33 33 166 166 238 238 238 32 32 
32 41 41 217 217 217 217 140 140 140 140 140 140 150 150 129 129 129 33 33 33 33 238 238 238 238 238 32 32 
32 41 41 41 217 217 217 209 140 140 140 140 140 150 150 150 129 82 82 82 33 33 238 238 238 238 238 32 32 
41 41 41 41 41 217 209 209 209 140 140 140 140 150 150 150 82 82 82 82 82 82 238 238 238 228 228 228 228 
41 41 41 41 41 41 209 209 209 209 140 140 140 150 150 124 124 82 82 82 82 82 228 228 228 228 228 228 228 
41 41 41 41 41 41 209 209 209 209 140 143 143 143 143 124 124 124 124 82 82 82 228 228 228 228 228 228 228 
38 38 38 38 38 38 38 209 209 143 143 143 143 143 143 124 124 124 124 124 124 99 228 228 228 228 228 228 228 
38 38 38 38 38 38 38 161 161 143 143 143 143 143 143 124 124 124 124 124 124 99 180 228 228 228 228 228 228 
38 38 38 38 38 38 38 161 161 139 139 139 139 143 143 124 124 124 124 124 124 99 180 228 112 112 112 112 112 
38 38 38 38 38 38 38 161 161 139 139 139 139 143 143 124 124 124 124 124 5 5 5 5 112 112 112 112 112 
38 38 38 38 38 38 38 161 161 143 139 139 139 139 143 124 124 124 124 5 5 5 5 5 5 65 65 65 65 
92 43 43 43 122 122 122 122 53 53 143 143 143 143 143 31 31 104 104 5 5 5 5 5 5 92 92 92 92 
92 43 43 43 43 43 241 241 241 53 53 143 143 143 31 31 31 213 104 5 5 5 5 5 5 92 92 92 92 
92 43 43 43 43 43 241 241 241 53 53 52 52 52 31 31 213 213 213 5 5 5 5 5 5 174 92 92 92 
92 43 43 43 43 241 241 241 241 241 52 52 52 52 52 213 213 213 213 5 5 5 5 5 26 174 174 92 92 
92 92 43 43 43 241 241 241 241 241 52 52 52 52 246 246 213 213 213 213 5 5 5 26 26 174 174 174 92 
92 92 43 222 222 222 241 241 163 163 163 163 52 246 246 246 246 15 15 15 218 218 218 218 218 174 174 174 92 
76 76 211 211 222 222 222 222 163 163 163 163 246 246 246 246 246 246 246 185 218 218 218 218 218 218 76 76 76 
76 76 211 211 222 222 222 222 163 163 163 163 246 246 246 164 246 246 246 185 218 218 218 218 218 218 76 76 76 
76 76 211 211 211 222 222 222 163 163 163 163 246 246 246 246 246 246 246 218 218 218 218 218 218 76 76 76 76 
76 76 211 211 211 211 222 222 163 163 163 163 246 246 246 246 246 246 246 218 218 218 218 218 218 76 76 76 76 
76 76 211 211 211 211 222 222 163 163 163 170 170 246 246 246 246 246 21 21 218 218 218 218 218 76 76 76 76 
76 76 211 211 211 24 24 24 24 171 170 170 170 170 74 21 21 21 21 21 67 67 67 67 67 76 76 76 76 
76 123 123 211 24 24 24 24 24 171 170 170 170 74 74 21 21 21 21 21 67 67 67 67 67 67 67 76 76 
123 123 123 123 24 24 24 24 24 171 170 170 170 74 74 21 21 21 21 21 67 67 67 67 67 67 67 67 123 
123 123 123 123 123 24 24 24 171 171 171 170 170 74 74 21 21 21 21 21 36 36 67 67 67 51 51 51 123 
123 123 123 123 123 24 24 171 171 171 171 171 170 74 74 21 21 21 21 36 36 36 36 67 51 51 51 51 123 
123 123 123 123 217 217 140 140 171 171 171 171 171 134 134 134 129 129 21 36 36 36 36 67 51 51 51 51 123 
123 123 123 217 217 217 217 140 140 140 140 140 140 134 134 134 129 129 129 36 36 36 36 36 51 51 51 51 123 
178 178 217 217 217 217 217 140 140 140 140 140 140 134 134 134 129 129 33 33 33 36 36 238 238 238 51 51 123 
178 178 41 217 217 217 217 140 140 140 140 140 140 134 134 134 129 129 33 33 33 33 238 238 238 238 238 32 178 
178 41 41 41 217 217 217 140 140 140 140 140 140 140 134 134 129 82 82 82 33 33 238 238 238 238 238 32 178 
41 41 41 41 41 217 217 209 140 140 140 140 140 140 134 134 82 82 82 82 82 82 238 238 238 228 228 228 228 
41 41 41 41 41 41 217 209 209 140 140 140 140 140 124 124 124 82 82 82 82 82 228 228 228 228 228 228 228 
41 41 41 41 41 41 41 209 209 140 143 143 143 143 124 124 124 124 124 124 124 180 180 228 228 228 228 228 228 
38 38 38 38 38 38 38 209 143 143 143 143 143 143 143 124 124 124 124 124 124 180 180 180 228 228 228 228 228 
38 38 38 38 38 38 38 38 40 143 143 143 143 143 143 124 124 124 124 124 124 180 180 180 180 228 228 228 228 
38 38 38 38 38 38 38 40 40 143 143 143 143 143 143 124 124 124 124 124 124 180 180 180 180 180 228 228 86 
38 38 38 38 38 38 38 40 40 143 143 143 143 143 143 124 124 124 124 124 5 5 180 180 180 180 228 228 86 
38 38 38 38 38 122 122 122 40 143 143 143 143 143 143 143 124 124 124 5 5 5 5 5 5 5 65 65 65 
92 92 43 122 122 122 122 122 53 53 53 143 143 143 143 31 104 104 104 104 5 5 5 5 5 92 92 92 92 
92 92 43 122 122 122 122 241 53 53 53 52 52 52 52 31 104 104 104 104 5 5 5 5 5 92 92 92 92 
92 92 43 122 122 241 241 241 241 53 53 52 52 52 52 9 213 104 104 104 5 5 5 5 5 92 92 92 92 
92 92 43 43 43 241 241 241 241 241 52 52 52 52 52 15 15 15 15 104 5 5 5 5 5 92 92 92 92 
92 92 43 43 222 241 241 241 241 52 52 52 52 52 246 15 15 15 15 15 5 5 5 5 218 92 92 92 92 
92 92 92 222 222 222 221 221 221 163 163 52 52 246 246 246 15 15 15 15 218 218 218 218 218 92 92 92 92 
92 211 211 211 222 222 222 222 163 163 163 163 246 246 246 246 246 15 15 15 218 218 218 218 218 218 76 76 76 
76 211 211 211 211 222 222 222 163 163 163 163 246 246 246 246 246 246 15 15 218 218 218 218 218 218 76 76 76 
76 211 211 211 211 222 222 222 222 163 163 163 246 246 246 246 246 246 246 218 218 218 218 218 218 76 76 76 76 
76 211 211 211 211 211 222 222 222 163 163 163 246 246 246 246 246 246 246 218 218 218 218 218 218 76 76 76 76 
76 211 211 211 211 211 222 222 222 222 163 170 170 246 246 246 246 246 246 218 218 218 218 218 218 76 76 76 76 
76 211 211 211 211 211 24 171 171 171 170 170 170 170 170 246 21 21 21 67 67 67 67 67 67 76 76 76 76 
76 123 123 211 211 24 171 171 171 171 170 170 170 170 170 21 21 21 21 67 67 67 67 67 67 67 67 76 76 
123 123 123 123 123 24 171 171 171 171 170 170 170 170 170 21 21 21 21 21 67 67 67 67 67 67 67 67 123 
123 123 123 123 123 123 171 171 171 171 171 170 170 170 170 21 21 21 21 21 36 36 67 67 67 51 51 51 123 
123 123 123 123 123 123 171 171 171 171 171 171 170 170 170 21 21 21 21 36 36 36 36 67 51 51 51 51 123 
123 123 123 123 217 217 171 171 171 171 171 171 171 134 134 134 134 21 21 36 36 36 36 67 51 51 51 51 123 
123 123 123 217 217 217 217 140 140 140 140 140 134 134 134 134 134 134 134 36 36 36 36 67 51 51 51 51 123 
178 178 178 217 217 217 217 140 140 140 140 140 134 134 134 134 134 134 134 93 36 36 36 18 18 18 18 18 123 
178 178 178 217 217 217 217 140 140 140 140 140 140 134 134 134 134 134 93 93 93 93 158 18 18 18 18 18 178 
178 178 41 41 217 217 217 140 140 140 140 140 140 134 134 134 134 93 93 93 93 158 158 238 18 18 18 18 178 
178 41 41 41 41 217 217 217 140 140 140 140 140 140 134 134 93 93 93 93 93 158 158 238 18 18 18 18 178 
41 41 41 41 41 41 217 217 140 140 140 140 140 143 240 240 240 93 93 93 93 158 158 228 228 228 228 228 228 
86 41 41 41 41 41 41 217 50 143 143 143 143 143 143 124 124 124 124 124 93 180 180 180 180 228 228 228 228 
86 38 38 38 38 38 38 50 50 143 143 143 143 143 143 124 124 124 124 124 124 180 180 180 180 180 180 228 86 
86 38 38 38 38 38 38 40 40 143 143 143 143 143 143 124 124 124 124 124 124 180 180 180 180 180 180 228 86 
86 38 38 38 38 38 38 40 40 40 143 143 143 143 143 124 124 124 124 124 124 180 180 180 180 180 180 86 86 
86 38 38 38 122 122 122 40 40 40 143 143 143 143 143 124 124 124 124 124 5 5 180 180 180 180 180 86 86 
86 38 38 122 122 122 122 122 40 40 143 143 143 143 143 143 124 124 104 104 5 5 5 5 180 180 180 65 86 
92 92 122 122 122 122 122 53 53 53 53 143 143 143 143 143 104 104 104 104 104 5 5 5 5 92 92 92 92 
92 92 122 122 122 122 122 53 53 53 53 52 52 52 9 9 104 104 104 104 104 5 5 5 5 92 92 92 92 
92 92 122 122 122 122 241 241 53 53 53 52 52 52 9 9 9 104 104 104 104 5 5 5 5 92 92 92 92 
92 92 92 122 133 241 241 241 241 53 52 52 52 52 9 9 15 15 104 104 104 5 5 5 19 92 92 92 92 
92 92 92 133 133 221 221 221 221 52 52 52 52 52 9 15 15 15 15 15 15 5 5 218 92 92 92 92 92 
92 92 92 222 222 222 221 221 221 221 52 52 52 246 246 15 15 15 15 15 15 218 218 218 218 92 92 92 92 
92 211 211 211 222 222 222 222 222 163 163 163 246 246 246 246 15 15 15 15 218 218 218 218 218 218 92 92 92 
76 211 211 211 211 222 222 37 222 222 163 163 246 246 246 246 246 15 15 15 218 218 218 218 218 218 76 76 76 
76 211 211 211 211 211 222 222 222 222 163 163 246 246 246 246 246 246 246 218 218 218 218 218 218 76 76 76 76 
76 211 211 211 211 211 222 222 222 222 222 222 246 246 246 246 246 246 246 218 218 218 218 218 218 76 76 76 76 
76 211 211 211 211 211 222 222 222 222 222 170 170 170 246 246 246 246 84 84 218 218 218 218 199 76 76 76 76 
76 211 211 211 211 211 171 171 171 171 170 170 170 170 170 246 84 84 84 84 67 67 67 67 67 67 76 76 76 
123 123 123 123 211 211 171 171 171 171 170 170 170 170 170 170 84 84 84 84 67 67 67 67 67 67 67 76 76 
123 123 123 123 123 171 171 171 171 171 170 170 170 170 170 84 84 84 84 84 67 67 67 67 67 67 67 123 123 
123 123 123 123 123 123 171 171 171 171 171 170 170 170 170 84 84 84 84 84 67 67 67 67 67 115 115 123 123 
123 123 123 123 123 123 171 171 171 171 171 171 170 170 170 134 84 84 84 36 36 36 67 67 51 51 115 123 123 
123 123 123 123 123 217 171 171 171 171 171 171 171 134 134 134 134 134 84 36 36 36 36 67 51 51 51 123 123 
123 123 123 123 217 217 217 171 171 171 171 171 134 134 134 134 134 134 134 93 36 36 229 229 51 51 51 123 123 
178 178 178 217 217 217 217 140 140 140 140 140 134 134 134 134 134 134 93 93 93 93 229 18 18 18 18 18 94 
178 178 178 178 217 217 217 140 140 140 140 140 134 134 134 134 134 134 93 93 93 93 158 18 18 18 18 18 178 
178 178 178 41 217 217 217 140 140 140 140 140 140 134 134 134 134 93 93 93 93 158 158 158 18 18 18 18 178 
94 94 41 41 41 217 217 217 140 140 140 140 140 140 240 240 93 93 93 93 93 158 158 158 158 18 18 18 178 
86 94 41 41 41 41 217 217 140 140 140 140 140 240 240 240 240 93 93 93 93 158 158 158 180 180 18 228 178 
86 86 86 41 41 41 217 50 50 50 143 143 143 143 240 240 240 93 93 93 93 158 180 180 180 180 180 86 86 
86 86 86 38 38 38 38 50 50 50 143 143 143 143 240 240 124 124 124 124 93 180 180 180 180 180 180 86 86 
86 86 86 38 38 38 38 40 40 40 143 143 143 143 143 124 124 124 124 124 124 180 180 180 180 180 180 86 86 
86 86 86 38 38 38 38 40 40 40 143 143 143 143 143 124 124 124 124 124 180 180 180 180 180 180 180 86 86 
86 86 38 38 122 122 122 40 40 40 40 143 143 143 143 143 124 124 124 104 5 5 180 180 208 208 208 86 86 
86 86 122 122 122 122 122 40 40 40 40 143 143 143 143 143 124 104 104 104 104 5 208 208 208 208 208 86 86 
19 19 122 122 122 122 55 55 53 53 53 143 143 143 143 101 101 104 104 104 104 104 208 208 208 19 92 19 19 
19 19 122 122 122 122 55 55 53 53 53 52 52 52 9 9 9 104 104 104 104 104 104 208 19 19 92 19 19 
19 19 19 122 122 55 55 55 53 53 52 52 52 52 9 9 9 104 104 104 104 104 104 5 19 19 19 19 19 
19 19 19 133 133 133 221 221 53 52 52 52 52 52 9 9 9 15 104 104 104 104 5 19 19 19 19 19 19 
19 19 19 133 133 133 221 221 221 52 52 52 52 52 9 9 15 15 15 168 168 168 5 19 19 19 19 92 19 
19 19 133 133 133 133 221 221 221 221 52 52 52 52 9 15 15 15 15 15 168 168 218 218 19 19 92 92 92 
19 211 211 211 133 222 222 222 222 222 222 52 52 246 246 15 15 15 15 15 168 218 218 218 218 19 92 92 92 
76 211 211 211 211 222 222 222 222 222 222 222 246 246 246 15 15 15 15 15 218 218 218 218 218 218 76 92 76 
76 211 211 211 211 211 222 222 222 222 222 222 246 246 246 246 15 15 15 15 218 218 218 218 218 47 76 76 76 
76 211 211 211 211 211 222 222 222 222 222 222 222 246 246 246 246 12 12 12 199 199 199 199 47 76 76 76 76 
76 211 211 211 211 211 222 222 222 222 222 170 170 170 246 12 12 12 84 84 199 199 199 199 199 199 76 76 76 
76 211 211 211 211 211 171 171 171 16 170 170 170 170 170 12 84 84 84 84 28 199 199 199 199 199 76 76 76 
123 123 123 211 211 171 171 171 171 16 170 170 170 170 170 84 84 84 84 84 84 67 67 67 67 67 245 245 245 
123 123 123 123 123 171 171 171 171 171 170 170 170 170 170 84 84 84 84 84 67 67 67 67 115 115 115 115 123 
123 123 123 123 123 123 171 171 171 171 171 170 170 170 170 84 84 84 84 84 84 67 67 115 115 115 115 115 123 
123 123 123 123 123 123 171 171 171 171 171 171 170 170 170 84 84 84 84 84 36 36 67 115 115 115 115 115 123 
123 123 123 123 123 171 171 171 171 171 171 171 171 134 134 134 134 134 84 225 36 229 229 229 115 115 115 115 123 
94 94 94 123 123 217 171 171 171 171 171 171 134 134 134 134 134 134 134 225 93 229 229 229 229 115 115 115 94 
94 94 94 94 94 217 217 140 140 140 140 140 134 134 134 134 134 134 93 93 93 93 229 229 18 18 18 94 94 
94 94 94 94 94 217 217 140 140 140 140 239 134 134 134 134 134 93 93 93 93 158 158 229 18 18 18 94 94 
94 94 94 94 94 217 217 140 140 140 239 239 239 134 134 134 93 93 93 93 93 158 158 158 18 18 18 94 94 
94 94 94 94 94 217 217 217 140 140 239 239 239 239 240 240 93 93 93 93 93 158 158 158 158 18 18 94 94 
86 94 94 94 41 41 217 50 50 239 239 239 239 240 240 240 240 93 93 93 93 158 158 158 158 226 226 94 94 
86 86 86 86 86 86 50 50 50 50 50 239 239 240 240 240 240 240 93 93 93 158 158 180 180 226 226 86 86 
86 86 86 86 86 86 50 50 50 50 50 143 143 240 240 240 240 240 93 93 93 180 180 180 180 226 226 86 86 
86 86 86 86 86 86 50 50 50 50 50 143 143 143 240 240 240 240 93 93 93 180 180 180 180 226 226 86 86 
86 86 86 86 86 86 40 40 40 40 143 143 143 143 143 143 240 124 124 124 180 180 180 208 208 226 226 86 86 
86 86 86 86 122 122 122 40 40 40 40 143 143 143 143 143 143 124 104 104 104 208 208 208 208 208 208 86 86 
86 86 86 122 122 122 122 40 40 40 40 143 143 143 143 143 143 104 104 104 104 208 208 208 208 208 208 86 86 
19 19 122 122 122 146 55 55 55 53 53 143 143 101 101 101 101 101 104 104 104 104 208 208 208 208 19 19 19 
19 19 19 155 122 55 55 55 55 53 53 52 52 9 9 9 101 101 104 104 104 104 208 208 208 19 19 19 19 
19 19 19 155 155 55 55 55 55 53 52 52 52 9 9 9 9 9 104 104 104 104 104 19 19 19 19 19 19 
19 19 19 133 133 133 133 55 55 52 52 52 52 9 9 9 9 9 168 168 168 168 168 19 19 19 19 19 19 
19 19 133 133 133 133 133 133 133 52 52 52 52 9 9 9 9 15 168 168 168 168 168 19 19 19 19 19 19 
19 19 133 133 133 133 133 222 222 222 52 52 52 9 9 9 15 15 168 168 168 168 168 168 19 19 19 19 19 
19 19 211 133 133 133 222 222 222 222 222 52 52 9 9 15 15 15 168 168 168 168 168 168 47 19 19 19 19 
206 206 211 211 211 222 222 222 222 222 222 222 222 246 12 15 15 15 168 168 168 168 218 47 47 47 47 47 47 
206 206 211 211 211 211 222 222 222 222 222 222 222 12 12 12 12 12 168 168 168 199 199 47 47 47 47 47 47 
206 206 211 211 211 211 222 222 222 222 222 222 222 12 12 12 12 12 12 12 199 199 199 199 47 47 47 47 47 
206 206 211 211 211 211 222 222 222 222 16 16 170 170 12 12 12 12 12 28 199 199 199 199 199 47 47 47 47 
30 30 211 211 211 211 171 171 16 16 16 16 170 170 12 12 84 84 84 28 28 199 199 199 199 39 245 245 245 
30 30 30 30 211 171 171 16 16 16 16 170 170 170 138 138 84 84 84 28 28 199 199 199 199 39 245 245 245 
30 30 30 30 30 171 171 171 16 16 16 170 170 170 138 138 84 84 84 28 28 28 199 115 115 115 245 245 245 
123 123 123 123 123 171 171 171 171 16 16 170 170 170 138 84 84 84 84 28 28 28 229 115 115 115 115 245 245 
123 123 123 123 123 171 171 171 171 171 171 171 170 170 138 84 84 84 84 28 28 229 229 115 115 115 115 115 123 
123 123 123 123 123 171 171 171 171 171 171 171 171 134 134 134 225 225 225 225 229 229 229 229 115 115 115 115 123 
94 94 94 94 94 217 171 171 171 70 171 171 134 134 134 134 134 225 225 225 229 229 229 229 229 115 115 115 94 
94 94 94 94 94 217 217 70 70 70 70 239 239 134 134 134 134 225 225 93 93 229 229 229 229 229 229 94 94 
94 94 94 94 94 94 217 140 70 239 239 239 239 134 134 134 134 93 93 93 93 158 158 229 229 229 229 94 94 
94 94 94 94 94 94 217 140 239 239 239 239 239 239 230 230 93 93 93 93 93 158 158 158 229 229 18 94 94 
94 94 94 94 94 94 102 102 102 239 239 239 239 239 230 230 93 93 93 93 93 158 158 158 158 158 18 94 94 
86 86 86 86 86 86 102 102 102 239 239 239 239 239 240 240 240 93 93 93 93 158 158 158 158 226 226 94 94 
86 86 86 86 86 86 50 50 50 50 50 239 239 240 240 240 240 240 93 93 93 158 158 158 226 226 226 86 86 
86 86 86 86 86 86 50 50 50 50 50 50 143 240 240 240 240 240 93 93 93 93 180 180 226 226 226 86 86 
86 86 86 86 86 86 50 50 50 50 50 50 143 143 240 240 240 240 93 93 93 180 180 180 226 226 226 86 86 
86 86 86 86 86 86 50 50 50 50 50 143 143 143 143 240 240 240 93 93 208 208 208 208 208 226 226 86 86 
86 86 86 86 86 122 122 50 50 50 143 143 143 143 143 61 61 61 104 104 208 208 208 208 208 208 208 86 86 
86 86 86 86 122 122 122 55 40 40 143 143 143 143 143 101 101 101 104 104 104 208 208 208 208 208 208 86 86 
19 19 155 155 155 146 146 146 146 146 146 143 101 101 101 101 101 101 101 104 104 167 208 208 208 208 19 19 19 
19 19 155 155 155 146 146 146 146 146 146 52 101 101 101 101 101 101 101 104 104 167 167 167 167 19 19 19 19 
19 19 155 155 155 155 146 146 146 146 146 52 101 101 9 9 9 101 168 168 168 167 167 167 19 19 19 19 19 
19 19 155 155 133 133 133 146 146 146 52 52 52 9 9 9 9 168 168 168 168 168 168 116 19 19 19 19 19 
19 19 133 133 133 133 133 133 133 146 52 52 52 9 9 9 9 168 168 168 168 168 168 116 19 19 19 19 19 
19 19 133 133 133 133 133 133 222 222 52 52 52 9 9 9 168 168 168 168 168 168 168 168 19 19 19 19 19 
19 19 200 133 133 133 133 133 222 222 243 243 243 243 9 9 168 168 168 168 168 168 168 168 47 47 47 19 19 
206 206 200 200 200 133 222 222 222 222 222 243 243 243 12 12 12 168 168 168 168 168 168 47 47 47 47 47 47 
206 206 200 200 200 200 222 222 222 222 222 243 243 12 12 12 12 12 12 168 168 168 199 47 47 47 47 47 47 
206 206 200 200 200 200 200 222 222 222 222 243 243 12 12 12 12 12 12 12 199 199 199 199 47 47 47 47 47 
206 206 200 96 200 200 64 64 16 16 16 16 12 12 12 12 12 12 12 28 199 199 199 199 199 47 47 47 47 
30 30 30 96 96 96 64 16 16 16 16 16 16 12 12 12 12 84 28 28 28 199 199 199 199 39 39 245 245 
30 30 30 30 30 171 171 16 16 16 16 16 16 138 138 138 84 84 28 28 28 199 199 199 39 39 245 245 245 
30 30 30 30 30 171 171 16 16 16 16 16 16 138 138 138 84 84 28 28 28 28 199 199 39 245 245 245 245 
30 30 30 30 30 171 171 171 171 16 16 16 16 138 138 138 84 84 28 28 28 28 229 115 115 115 245 245 245 
123 30 30 30 30 171 171 171 171 171 171 171 171 138 138 138 225 225 28 28 28 229 229 229 115 115 115 245 245 
94 94 94 123 123 171 171 171 70 70 70 70 70 134 134 225 225 225 225 225 229 229 229 229 229 115 115 115 115 
94 94 94 94 94 94 70 70 70 70 70 70 70 134 134 225 225 225 225 225 229 229 229 229 229 229 115 115 94 
94 94 94 94 94 94 70 70 70 70 70 239 239 239 134 225 225 225 225 225 93 229 229 229 229 229 229 94 94 
94 94 94 94 94 94 70 70 70 239 239 239 239 239 230 230 230 225 93 93 93 158 229 229 229 229 229 94 94 
94 94 94 94 94 94 102 102 239 239 239 239 239 239 230 230 230 93 93 93 93 158 158 229 229 229 229 94 94 
94 94 94 94 94 102 102 102 102 239 239 239 239 239 230 230 230 93 93 93 93 158 158 158 158 100 100 100 94 
86 86 86 86 86 102 102 102 102 239 239 239 239 239 230 230 230 93 93 93 93 158 158 158 158 128 128 100 94 
86 86 86 86 86 86 102 102 224 239 239 239 239 240 240 240 240 93 93 93 93 158 158 158 226 226 226 86 86 
86 86 86 86 86 86 224 224 224 224 224 239 239 240 240 240 240 240 93 93 93 93 158 180 226 226 226 86 86 
86 86 86 86 86 86 224 224 224 224 224 224 224 240 240 240 240 240 93 93 93 208 208 208 226 226 226 86 86 
86 86 86 86 86 86 50 50 50 50 224 224 224 61 61 61 61 61 61 93 208 208 208 208 208 226 226 86 86 
86 86 86 86 86 86 146 50 50 50 50 50 143 61 61 61 61 61 61 208 208 208 208 208 208 208 208 86 86 
86 86 86 86 155 155 146 146 146 146 50 143 143 101 101 101 101 101 101 101 208 208 208 208 208 208 208 86 86 
19 155 155 155 155 155 146 146 146 146 146 101 101 101 101 101 101 101 101 101 167 167 167 167 167 167 19 19 19 
19 17 155 155 155 155 146 146 146 146 146 146 101 101 101 101 101 101 101 101 168 167 167 167 167 167 19 19 19 
19 17 155 155 155 155 146 146 146 146 146 101 101 101 101 101 101 101 168 168 168 167 167 167 167 19 19 19 19 
19 17 155 155 155 133 133 146 146 146 146 101 101 101 101 101 101 101 168 168 168 168 116 116 116 19 19 19 19 
19 17 17 133 133 133 133 133 133 146 146 243 243 101 101 101 101 168 168 168 168 168 116 116 116 19 19 19 19 
19 17 133 133 133 133 133 133 133 243 243 243 243 243 101 101 168 168 168 168 168 168 168 116 116 19 19 19 19 
19 183 200 133 133 133 133 133 222 243 243 243 243 243 12 12 168 168 168 168 168 168 168 168 47 47 47 47 19 
206 206 200 96 200 200 133 64 222 243 243 243 243 243 12 12 12 12 168 168 168 168 168 47 47 47 47 47 47 
206 206 200 96 200 200 64 64 64 243 243 243 243 243 12 12 12 12 12 168 168 168 106 47 47 47 47 47 47 
206 206 200 96 200 200 64 64 64 64 243 243 243 12 12 12 12 12 12 12 199 199 199 47 47 47 47 47 206 
206 206 200 96 200 200 64 64 64 64 243 243 12 12 12 12 12 12 12 28 199 199 199 199 47 47 47 47 47 
30 30 30 96 200 200 64 64 16 16 151 151 151 12 12 12 12 12 28 28 28 199 199 199 39 39 39 245 245 
30 30 30 30 30 30 171 16 16 16 151 151 151 151 138 138 138 28 28 28 28 199 199 199 39 39 245 245 245 
30 30 30 30 30 171 171 171 16 16 151 151 151 138 138 138 138 28 28 28 28 28 199 199 39 245 245 212 245 
30 30 30 30 30 171 171 171 171 171 151 151 151 138 138 138 138 28 28 28 28 28 229 229 229 245 245 245 245 
245 30 30 30 30 171 171 171 70 70 70 151 151 138 138 138 225 225 28 28 28 229 229 229 229 115 245 245 245 
94 94 30 30 30 70 70 70 70 70 70 70 70 138 138 225 225 225 225 225 229 229 229 229 229 229 229 245 245 
94 94 94 94 94 58 58 70 70 70 70 70 70 239 134 225 225 225 225 225 229 229 229 229 229 229 229 229 94 
94 94 94 94 94 58 58 70 70 70 70 239 239 239 239 225 225 225 225 225 229 229 229 229 229 229 229 94 94 
94 94 94 94 94 58 58 70 70 70 239 239 239 239 230 230 230 225 225 93 93 229 229 229 229 229 229 100 94 
94 94 94 94 94 58 102 102 102 239 239 239 239 239 230 230 230 230 93 93 93 158 158 229 229 229 100 100 94 
94 94 94 94 94 102 102 102 102 102 239 239 239 239 230 230 230 230 93 93 93 158 158 158 229 100 100 100 100 
86 86 86 86 110 102 102 102 102 102 239 239 239 239 230 230 230 230 93 93 93 158 158 158 128 128 128 100 100 
86 86 86 86 110 110 102 102 102 102 239 239 239 239 230 230 230 93 93 93 93 158 158 128 128 128 128 128 128 
86 86 86 86 86 110 102 224 224 224 224 239 239 239 240 240 240 240 93 93 93 158 214 214 128 128 128 128 86 
86 159 159 159 159 110 224 224 224 224 224 224 224 61 61 61 61 61 93 93 214 214 214 208 226 226 226 128 86 
86 159 159 159 159 159 224 224 224 224 224 224 61 61 61 61 61 61 61 214 214 208 208 208 208 226 226 86 86 
86 159 159 159 155 155 146 224 224 224 224 224 61 61 61 61 61 61 61 61 214 208 208 208 208 208 63 220 86 
86 159 159 155 155 155 146 146 146 146 146 101 101 101 101 101 101 101 101 101 208 208 208 208 208 208 208 220 86 
17 17 155 155 155 155 146 146 146 146 146 101 101 101 101 101 101 101 101 101 186 167 167 167 167 167 167 220 220 
17 17 155 155 155 155 155 146 146 146 146 188 101 101 101 101 101 101 101 101 186 167 167 167 167 167 167 19 19 
17 17 17 155 155 155 155 146 146 146 146 188 101 101 101 101 101 101 101 168 168 167 167 167 167 116 19 19 19 
17 17 17 155 155 155 155 146 146 146 146 188 101 101 101 101 101 101 168 168 168 116 116 116 116 116 19 19 19 
17 17 17 155 133 133 133 133 133 146 243 243 243 101 101 101 101 168 168 168 168 168 116 116 116 116 19 19 19 
183 183 183 133 133 133 133 133 133 243 243 243 243 243 101 101 101 168 168 168 168 168 116 116 116 116 19 19 19 
183 183 183 183 133 133 133 64 243 243 243 243 243 243 243 101 168 168 168 168 168 168 168 168 116 47 47 47 183 
183 183 96 96 96 96 64 64 64 243 243 243 243 243 12 12 12 12 168 168 168 168 168 47 47 47 47 47 47 
206 206 200 96 200 200 64 64 64 243 243 243 243 243 12 12 12 12 12 168 168 168 106 47 47 47 47 47 47 
206 206 200 200 200 200 64 64 64 64 243 243 243 12 12 12 12 12 12 12 12 199 199 47 47 47 47 47 47 
206 206 200 200 200 200 64 64 64 64 243 243 243 12 12 12 12 12 12 12 199 199 199 199 47 47 47 47 47 
30 30 30 200 200 200 64 64 64 151 151 151 151 12 12 12 12 12 12 28 28 199 199 199 199 39 39 245 245 
30 30 30 30 30 30 64 64 16 151 151 151 151 151 138 138 138 28 28 28 28 199 199 199 199 39 245 245 245 
30 30 30 30 30 30 195 171 16 151 151 151 151 151 138 138 138 28 28 28 28 28 199 199 199 245 245 245 245 
30 30 30 30 30 149 195 171 171 151 151 151 151 151 138 138 138 28 28 28 28 28 229 229 229 245 245 245 245 
245 30 30 30 30 149 195 70 70 70 151 151 151 151 138 138 225 225 28 28 28 229 229 229 229 229 245 245 245 
245 30 30 30 149 149 58 70 70 70 70 70 70 70 138 225 225 225 225 225 229 229 229 229 229 229 229 245 245 
137 137 137 137 58 58 58 70 70 70 70 70 70 239 225 225 225 225 225 225 229 229 229 229 229 229 229 229 137 
137 137 137 137 58 58 58 58 70 70 70 239 239 239 230 225 225 225 225 225 229 229 229 229 229 229 229 229 137 
137 137 137 137 58 58 58 58 102 239 239 239 239 239 230 230 230 225 225 225 93 229 229 229 229 229 100 100 137 
137 137 137 137 137 58 102 102 102 102 239 239 239 239 230 230 230 230 93 93 93 158 229 229 229 100 100 100 100 
137 137 137 137 110 102 102 102 102 102 239 239 239 239 230 230 230 230 93 93 93 158 158 229 229 100 100 100 100 
100 159 137 110 110 102 102 102 102 102 239 239 239 239 230 230 230 230 93 93 93 158 158 128 128 128 128 100 100 
159 159 159 159 110 110 102 102 102 102 239 239 239 239 230 230 230 230 93 93 93 214 214 128 128 128 128 128 128 
159 159 159 159 110 110 102 102 224 224 224 239 239 239 61 61 61 230 93 93 214 214 214 214 128 128 128 128 159 
159 159 159 159 159 110 102 224 224 224 224 224 61 61 61 61 61 61 61 214 214 214 214 214 128 128 128 128 159 
159 159 159 159 159 159 224 224 224 224 224 224 61 61 61 61 61 61 61 214 214 214 214 208 63 63 220 220 159 
159 159 159 159 159 155 155 224 224 224 224 224 61 61 61 61 61 61 61 61 214 214 208 63 63 63 63 220 159 
159 159 159 155 155 155 155 146 146 146 224 101 101 61 61 61 61 61 61 61 214 167 167 167 167 63 63 220 159 
220 17 155 155 155 155 155 6 6 6 188 188 101 101 101 101 101 101 101 186 186 186 167 167 167 63 63 220 220 
17 17 155 155 155 155 155 6 6 6 188 188 101 101 101 101 101 101 101 186 186 186 167 167 167 167 167 220 17 
17 17 17 155 155 155 155 6 6 146 188 188 101 101 101 101 101 101 101 168 186 116 116 116 116 116 116 19 17 
17 17 17 155 155 155 155 155 155 146 188 188 101 101 101 101 101 101 101 168 168 116 116 116 116 116 116 19 17 
17 17 17 183 155 155 155 155 155 243 243 243 101 101 101 101 101 101 168 168 168 116 116 116 116 116 116 183 183 
183 183 183 183 183 155 155 155 197 243 243 243 243 243 101 101 101 168 168 168 168 168 116 116 116 116 116 183 183 
183 183 183 183 183 133 133 64 197 243 243 243 243 243 173 173 173 168 168 168 168 168 168 106 106 47 47 183 183 
183 183 183 183 132 64 64 64 64 243 243 243 243 243 173 12 12 12 168 168 168 168 106 106 106 47 47 47 183 
183 183 132 132 132 64 64 64 64 243 243 243 243 243 12 12 12 12 12 12 168 106 106 106 106 47 47 47 183 
206 206 200 200 132 64 64 64 64 64 243 243 243 12 12 12 12 12 12 12 181 181 106 106 106 47 47 47 47 
206 206 200 200 200 64 64 64 64 64 64 243 243 12 12 12 12 12 12 181 181 181 106 106 106 47 39 47 47 
30 30 30 200 200 64 64 64 64 151 151 151 151 151 12 12 12 12 12 181 181 181 199 199 199 39 39 245 245 
30 30 30 30 30 64 64 64 151 151 151 151 151 151 138 12 12 12 28 28 28 181 199 199 199 39 245 245 245 
30 30 30 30 30 149 195 195 195 151 151 151 151 151 138 138 138 28 28 28 28 28 199 199 199 245 245 245 245 
245 30 30 30 149 149 195 195 195 151 151 151 151 151 54 54 54 28 28 28 28 28 229 229 229 245 245 245 245 
245 30 30 30 149 149 195 195 195 151 151 151 151 151 54 54 54 225 28 28 44 229 229 229 229 229 245 245 245 
137 137 137 137 149 149 58 195 195 70 70 70 151 54 54 54 225 225 44 44 44 229 229 229 229 229 229 245 245 
137 137 137 137 58 58 58 58 58 70 70 70 70 54 54 225 225 225 44 44 44 229 229 229 229 229 20 20 20 
137 137 137 137 58 58 58 58 58 70 70 239 239 239 225 225 225 225 225 44 44 229 229 229 229 229 20 20 137 
137 137 137 137 58 58 58 58 58 239 239 239 239 239 230 230 225 225 225 44 44 229 229 229 229 229 100 100 137 
137 137 137 137 58 58 58 102 102 102 239 239 239 239 230 230 230 230 225 44 44 158 229 229 229 100 100 100 100 
100 137 137 110 110 110 102 102 102 102 239 239 239 239 230 230 230 230 230 93 93 158 214 128 128 100 100 100 100 
100 159 159 110 110 110 102 102 102 102 239 239 239 239 230 230 230 230 93 93 214 214 214 128 128 128 128 100 100 
159 159 159 110 110 110 110 102 102 102 102 239 239 239 230 230 230 230 214 214 214 214 214 128 128 128 128 128 128 
159 159 159 159 110 110 110 102 102 224 224 239 239 61 61 61 61 61 214 214 214 214 214 214 128 128 128 128 159 
159 159 159 159 110 110 110 110 224 224 224 224 61 61 61 61 61 61 214 214 214 214 214 214 128 128 128 220 159 
159 159 159 159 159 110 110 224 224 224 224 224 61 61 61 61 61 61 61 214 214 214 214 214 63 63 220 220 159 
159 159 159 159 159 155 155 6 6 224 224 61 61 61 61 61 61 61 61 214 214 214 214 63 63 63 220 220 220 
220 159 159 155 155 155 155 6 6 6 6 61 61 61 61 61 61 61 61 61 214 214 167 167 63 63 63 220 220 
220 220 155 155 155 155 6 6 6 6 188 188 188 101 101 101 101 101 101 186 186 186 186 186 63 63 220 220 220 
17 17 155 155 155 155 6 6 6 6 188 188 188 101 101 101 101 101 101 186 186 186 186 186 116 63 220 220 220 
17 17 17 155 155 155 155 6 6 6 188 188 188 101 101 101 101 101 101 186 186 186 116 116 116 116 116 220 183 
17 17 17 183 155 91 91 91 91 6 188 188 188 101 101 101 101 101 101 168 186 116 116 116 116 116 116 183 183 
183 183 183 183 91 91 91 91 91 197 188 188 188 101 101 101 101 101 168 168 168 116 116 116 116 116 116 183 183 
183 183 183 183 183 91 91 91 197 197 243 243 243 243 101 101 101 101 168 168 168 168 116 116 116 116 183 183 183 
183 183 183 183 183 183 91 197 197 197 243 243 243 243 173 173 173 173 168 168 168 168 106 106 106 106 183 183 183 
183 183 183 183 132 132 64 64 197 197 243 243 243 243 173 173 173 173 173 168 168 106 106 106 106 106 106 183 183 
183 183 132 132 132 132 64 64 64 243 243 243 243 243 173 173 12 12 12 181 181 106 106 106 106 106 106 183 183 
183 132 132 132 132 132 64 64 64 64 243 243 243 12 12 12 12 12 12 181 181 181 106 106 106 106 106 47 183 
132 132 132 132 132 132 64 64 64 64 243 243 243 12 12 12 12 12 181 181 181 181 106 106 106 106 106 47 183 
30 30 132 132 132 132 64 64 64 151 151 151 151 151 12 12 12 12 181 181 181 181 181 106 106 106 83 245 245 
30 30 30 132 132 189 160 64 160 151 151 151 151 151 12 12 12 12 181 181 181 181 181 85 83 83 83 83 245 
30 30 30 172 149 149 195 195 195 151 151 151 151 151 54 54 54 54 181 181 181 181 181 85 83 83 83 83 245 
245 30 30 149 149 149 195 195 195 151 151 151 151 151 54 54 54 54 54 181 181 181 85 85 83 83 83 83 245 
245 172 30 149 149 149 195 195 195 195 151 151 151 54 54 54 54 54 44 44 44 44 229 85 83 83 83 20 245 
137 137 137 149 149 149 195 195 195 195 195 151 151 54 54 54 54 44 44 44 44 44 229 229 229 229 20 20 20 
137 137 137 137 58 58 58 58 58 58 58 58 151 54 54 54 54 44 44 44 44 44 229 229 229 20 20 20 20 
137 137 137 137 58 58 58 58 58 58 58 239 239 239 54 54 44 44 44 44 44 44 229 229 229 229 20 20 20 
137 137 137 137 58 58 58 58 58 58 239 239 239 239 230 230 225 44 44 44 44 44 229 229 229 100 100 100 137 
137 137 137 137 58 58 58 58 58 102 239 239 239 239 230 230 230 44 44 44 44 44 229 229 100 100 100 100 100 
100 137 137 110 110 110 114 114 114 102 239 239 239 239 230 230 230 230 153 153 214 214 214 128 128 100 100 100 100 
100 159 110 110 110 110 110 114 102 102 102 239 239 7 7 230 230 153 153 214 214 214 214 128 128 128 128 100 100 
159 159 159 110 110 110 110 110 102 102 102 239 7 7 7 230 61 153 214 214 214 214 214 214 128 128 128 128 159 
159 159 159 110 110 110 110 110 102 102 102 239 7 7 61 61 61 61 214 214 214 214 214 214 128 128 128 128 159 
159 159 159 159 110 110 110 110 110 224 224 224 7 61 61 61 61 61 214 214 214 214 214 214 63 63 220 220 220 
159 159 159 159 110 110 110 110 224 224 224 61 61 61 61 61 61 61 214 214 214 214 214 214 63 63 220 220 220 
220 159 159 159 159 110 110 6 6 6 224 61 61 61 61 61 61 61 61 214 214 214 214 63 63 63 220 220 220 
220 220 159 155 155 155 6 6 6 6 6 188 61 61 61 61 61 61 61 214 186 186 186 63 63 63 220 220 220 
220 220 155 155 155 155 6 6 6 177 188 188 188 101 101 101 101 101 101 186 186 186 186 186 63 63 220 220 220 
220 183 155 155 155 155 6 6 6 177 188 188 188 101 101 101 101 101 101 186 186 186 186 186 116 63 220 220 220 
183 183 183 183 155 155 6 6 6 177 188 188 188 101 101 101 101 101 101 186 186 186 186 186 116 116 220 183 183 
183 183 183 183 91 91 91 91 91 177 188 188 188 101 101 101 101 101 101 186 186 186 116 116 116 116 116 183 183 
183 183 183 183 91 91 91 91 91 131 188 188 188 101 101 101 101 101 101 168 186 116 116 116 116 116 183 183 183 
183 183 183 183 183 91 91 91 197 197 131 243 243 101 101 173 101 101 168 168 168 168 116 116 116 116 183 183 183 
183 183 183 183 183 183 91 197 197 197 131 243 243 173 173 173 173 173 173 168 168 168 106 106 106 144 144 183 183 
183 183 183 183 132 132 131 197 197 197 131 243 243 173 173 173 173 173 173 181 181 181 106 106 106 106 106 183 183 
183 132 132 132 132 132 64 131 131 131 131 243 243 173 173 173 173 12 181 181 181 181 106 106 106 106 106 183 183 
183 132 132 132 132 132 64 64 64 131 131 243 243 12 12 12 12 12 181 181 181 181 106 106 106 106 106 183 183 
132 132 132 132 132 132 160 160 160 160 131 243 243 12 12 12 12 12 181 181 181 181 181 106 106 106 106 83 183 
172 172 132 132 132 189 160 160 160 160 151 151 151 151 12 12 12 12 181 181 181 181 181 85 83 83 83 83 83 
172 172 172 172 189 189 160 160 160 160 151 151 151 151 54 12 12 12 181 181 181 181 181 85 83 83 83 83 83 
172 172 172 172 189 149 195 195 195 151 192 192 151 151 54 54 54 54 231 181 181 181 85 85 83 83 83 83 83 
172 172 172 172 149 149 195 195 195 195 192 192 151 54 54 54 54 54 231 231 231 85 85 85 83 83 83 83 83 
172 172 172 149 149 149 195 195 195 195 141 141 141 54 54 54 54 54 231 44 44 44 85 85 83 83 83 20 20 
20 172 172 149 149 149 195 195 195 195 141 141 141 54 54 54 54 44 44 44 44 44 44 85 83 83 20 20 20 
20 137 137 58 58 58 58 58 58 58 58 141 141 54 54 54 54 44 44 44 44 44 44 44 229 20 20 20 20 
137 137 137 137 58 58 58 58 58 58 58 141 207 54 54 54 44 44 44 44 44 44 44 229 229 20 20 20 20 
137 137 137 137 58 58 58 58 58 58 58 239 239 239 54 152 152 44 44 44 44 44 44 229 229 100 20 20 20 
137 137 137 137 110 58 58 114 114 58 58 239 239 7 7 152 152 152 153 44 44 44 44 214 100 100 100 100 100 
137 137 137 110 110 110 114 114 114 114 114 7 7 7 7 153 153 153 153 153 214 214 214 214 128 100 100 100 100 
100 159 110 110 110 110 110 114 114 114 7 7 7 7 7 7 153 153 153 214 214 214 214 214 128 128 128 100 100 
159 159 110 110 110 110 110 110 110 110 7 7 7 7 7 7 175 153 214 214 214 214 214 214 128 128 128 128 128 
159 159 159 110 110 110 110 110 110 110 7 7 7 7 7 175 175 175 214 214 214 214 214 214 214 128 128 220 220 
159 159 159 62 110 110 110 110 110 110 7 7 7 7 175 175 175 175 214 214 214 214 214 214 63 63 220 220 220 
220 159 159 62 62 62 62 62 62 224 224 7 61 61 61 61 61 61 214 214 214 214 214 214 63 63 220 220 220 
220 220 159 62 62 62 62 62 6 177 188 188 61 61 61 61 61 61 214 214 214 214 214 63 63 63 220 220 220 
220 220 220 62 62 62 6 6 6 177 188 188 188 101 101 61 61 61 61 214 186 186 186 63 63 63 220 220 220 
220 220 220 155 155 155 6 177 177 177 177 188 188 101 101 101 101 101 101 186 186 186 186 186 63 63 220 220 220 
220 183 183 155 155 155 6 177 177 177 177 188 188 188 101 101 101 101 101 186 186 186 186 186 186 220 220 220 220 
183 183 183 183 183 155 6 6 177 177 177 188 188 101 101 101 101 101 101 186 186 186 186 186 186 220 220 220 183 
183 183 183 183 91 91 91 91 177 177 177 188 188 101 101 101 101 101 101 186 186 186 186 186 116 116 116 183 183 
183 183 183 183 91 91 91 91 131 131 131 131 188 101 101 101 101 101 101 186 186 186 186 116 116 116 183 183 183 
183 183 183 183 91 91 91 131 131 131 131 131 131 101 101 173 101 173 173 107 107 186 186 144 144 144 187 183 183 
183 183 183 183 183 183 131 131 197 131 131 205 205 173 173 173 173 173 173 107 107 107 106 144 144 144 144 183 183 
183 183 183 183 183 78 131 131 131 131 131 205 205 173 173 173 173 173 173 107 107 107 106 106 144 144 144 183 183 
183 132 132 132 132 132 131 131 131 131 131 205 205 173 173 173 173 173 181 181 181 181 106 106 106 144 144 144 183 
183 132 132 132 132 189 160 160 131 131 131 131 131 173 173 173 173 181 181 181 181 181 181 106 106 106 106 144 183 
172 132 132 132 132 189 160 160 160 160 131 131 131 12 12 12 12 181 181 181 181 181 181 181 106 83 83 83 83 
172 172 172 189 189 189 160 160 160 160 160 192 192 242 12 12 12 181 181 181 181 181 181 85 83 83 83 83 83 
172 172 172 172 189 189 160 160 160 160 192 192 192 242 87 87 87 181 181 181 181 181 85 85 83 83 83 83 172 
172 172 172 172 189 189 160 160 160 192 192 192 192 242 54 54 54 231 231 231 181 85 85 85 83 83 83 83 172 
172 172 172 172 149 149 195 195 195 192 192 192 141 242 54 54 54 231 231 231 231 85 85 85 83 83 83 83 172 
172 172 172 172 149 149 195 195 195 195 141 141 141 54 54 54 54 231 231 231 231 231 85 85 83 83 83 83 172 
172 172 172 149 149 149 195 195 195 195 141 141 141 54 54 54 54 44 231 231 44 44 85 85 83 83 20 20 20 
20 20 137 58 58 58 58 58 58 58 141 141 141 54 54 54 54 44 44 44 44 44 44 85 83 20 20 20 20 
20 137 137 58 58 58 58 58 58 58 58 141 207 207 54 54 44 44 44 44 44 44 44 44 156 156 20 20 20 
137 137 137 58 58 58 58 58 58 58 58 207 207 207 207 152 152 152 44 44 44 44 44 44 156 156 156 156 156 
137 137 137 110 110 58 58 114 114 58 58 7 207 207 207 152 152 152 153 153 44 44 214 214 156 156 156 156 156 
227 137 110 110 110 110 114 114 114 114 7 7 7 7 7 153 153 153 153 153 153 214 214 214 128 100 100 156 100 
227 110 110 110 110 110 110 114 114 114 7 7 7 7 7 7 153 153 153 153 214 214 214 214 128 128 128 100 227 
159 159 110 110 110 110 110 110 110 110 7 7 7 7 7 175 175 153 153 214 214 214 214 214 214 128 128 128 220 
159 159 110 110 110 110 110 110 110 110 7 7 7 7 175 175 175 175 214 214 214 214 214 214 214 214 128 220 220 
220 220 62 62 62 62 62 62 62 62 7 7 7 175 175 175 175 175 214 214 214 214 214 214 63 63 63 220 220 
220 220 62 62 62 62 62 62 62 62 7 7 175 175 175 175 175 175 214 214 214 214 214 214 63 63 63 220 220 
220 220 62 62 62 62 62 62 62 177 177 188 175 175 175 175 175 175 214 214 214 214 214 63 63 63 220 220 220 
220 220 220 62 62 62 62 177 177 177 177 188 188 175 101 101 101 101 72 214 214 186 186 63 63 63 220 220 220 
220 220 220 155 155 177 177 177 177 177 177 177 188 73 73 73 73 73 72 72 72 186 186 186 63 220 220 220 220 
220 183 183 183 155 177 177 177 177 177 177 177 177 73 73 73 73 73 72 72 72 186 186 186 63 220 220 220 220 
183 183 183 183 183 91 177 177 177 177 177 177 177 73 73 73 73 73 72 72 72 186 186 186 186 220 220 220 183 
183 183 183 183 91 91 91 91 177 177 177 177 177 73 73 73 73 73 72 72 72 186 186 186 116 116 187 187 183 
183 183 183 183 91 91 91 91 131 131 131 131 131 73 73 73 73 73 72 72 72 186 186 144 144 144 187 187 183 
183 183 183 183 91 91 91 131 131 131 131 131 131 205 73 173 173 173 107 107 107 107 144 144 144 144 187 187 183 
183 183 183 183 78 78 78 131 131 131 131 205 205 205 173 173 173 173 107 107 107 107 144 144 144 144 144 144 183 
183 183 183 183 78 78 78 131 131 131 131 205 205 205 173 173 173 173 107 107 107 107 144 144 144 144 144 144 183 
183 183 132 132 78 78 78 131 131 131 131 205 205 205 173 173 173 107 107 107 181 181 181 144 144 144 144 144 144 
183 132 132 132 189 189 160 160 131 131 131 131 131 205 173 173 173 181 181 181 181 181 181 144 144 215 215 144 144 
172 132 132 189 189 189 160 160 160 160 131 131 131 205 87 87 87 181 181 181 181 181 181 85 215 215 215 215 215 
172 172 172 189 189 189 160 160 160 160 160 160 242 242 87 87 87 87 181 181 181 181 181 85 83 83 83 83 83 
172 172 172 172 189 189 160 160 160 160 192 192 242 242 87 87 87 87 181 181 181 181 85 85 83 83 83 83 172 
172 172 172 172 189 189 160 160 160 192 192 192 242 242 87 87 87 87 231 231 231 85 85 85 83 83 83 83 172 
172 172 172 172 172 149 195 195 195 141 141 141 242 242 54 87 87 231 231 231 231 85 85 85 83 83 83 83 172 
172 172 172 172 149 149 195 195 195 141 141 141 141 141 54 54 54 231 231 231 231 231 85 85 83 83 83 83 172 
172 172 172 172 149 149 195 195 195 141 141 141 141 141 130 54 54 231 231 231 231 231 85 85 83 83 83 20 20 
156 156 172 58 58 58 58 58 58 58 141 141 141 207 130 130 130 44 44 44 231 231 231 85 83 156 156 20 20 
156 156 156 58 58 58 58 58 58 58 141 207 207 207 207 130 130 44 44 44 44 44 44 85 156 156 156 156 156 
156 156 156 117 117 117 58 58 58 58 207 207 207 207 207 207 152 152 153 44 44 44 44 156 156 156 156 156 156 
156 156 156 110 110 117 117 117 117 117 117 207 207 207 207 153 152 152 153 153 153 153 214 156 156 156 156 156 156 
227 227 233 110 110 110 117 117 117 117 7 7 7 7 7 153 153 152 153 153 153 214 214 214 227 227 227 227 227 
227 233 233 110 110 110 110 110 117 117 7 7 7 7 7 153 153 152 152 153 153 214 214 214 214 227 227 227 227 
227 233 233 233 110 110 110 110 110 7 7 7 7 7 7 175 95 95 95 214 214 214 214 214 214 35 35 35 227 
35 233 233 62 62 62 62 62 62 62 7 7 7 7 175 175 175 175 95 214 214 214 214 214 214 35 35 35 35 
35 35 62 62 62 62 62 62 62 62 7 7 175 175 175 175 175 175 95 214 214 214 214 214 63 63 35 35 35 
220 220 62 62 62 62 62 62 62 62 7 7 175 175 175 175 175 175 49 214 214 214 214 214 63 63 63 220 220 
220 220 62 62 62 62 62 62 62 177 177 175 175 175 175 175 175 175 49 49 214 214 214 63 63 63 63 220 220 
220 220 220 62 62 62 62 177 177 177 177 177 175 175 175 175 175 175 72 49 49 214 214 63 63 63 220 220 220 
220 220 121 125 125 125 177 177 177 177 177 177 73 73 73 73 73 72 72 72 72 72 72 72 63 220 220 220 220 
121 121 121 125 125 125 177 177 177 177 177 177 73 73 73 73 73 73 72 72 72 72 72 72 63 220 220 220 220 
121 121 121 121 125 125 177 177 177 177 177 177 73 73 73 73 73 73 72 72 72 72 72 72 72 220 220 187 121 
121 121 121 121 91 91 91 177 177 177 177 177 177 73 73 73 73 73 72 72 72 72 72 234 144 187 187 187 187 
121 121 121 183 91 91 91 131 131 131 131 177 177 73 73 73 73 73 72 72 72 72 234 234 144 187 187 187 187 
187 183 183 78 78 78 78 131 131 131 131 131 131 205 73 73 73 107 107 107 107 107 144 144 144 144 187 187 187 
187 183 183 78 78 78 78 131 131 131 131 205 205 205 205 173 107 107 107 107 107 107 144 144 144 144 144 187 187 
183 183 183 78 78 78 78 131 131 131 131 205 205 205 205 173 173 107 107 107 107 107 144 144 144 144 144 144 144 
27 183 78 78 78 78 78 131 131 131 131 205 205 205 205 173 107 107 107 107 107 107 144 144 144 144 144 144 144 
27 27 132 189 189 189 160 160 131 131 131 131 131 205 22 173 22 107 107 107 181 181 181 144 215 215 215 215 27 
27 172 132 189 189 189 160 160 160 160 131 131 131 22 22 22 22 87 181 181 181 181 181 215 215 215 215 215 27 
172 172 172 189 189 189 160 160 160 160 160 242 242 22 87 87 87 87 181 181 181 181 85 85 83 83 83 83 83 
172 172 172 172 189 189 160 160 160 160 192 242 242 242 87 87 87 87 181 181 181 85 85 85 83 83 83 83 172 
172 172 172 172 189 189 160 160 160 160 192 242 242 242 87 87 87 87 231 231 231 85 85 85 83 83 83 83 172 
172 172 172 172 172 189 160 160 160 141 141 242 242 242 87 87 87 231 231 231 231 231 85 85 83 83 83 83 172 
172 172 172 172 71 149 195 195 195 141 141 141 141 242 87 87 87 231 231 231 231 231 85 85 83 83 83 83 172 
172 172 172 172 71 71 195 195 195 141 141 141 141 130 130 130 130 231 231 231 231 231 85 85 83 83 83 83 156 
156 156 156 117 117 117 58 58 58 141 141 141 207 207 130 130 130 130 231 231 231 231 231 85 156 156 156 156 156 
156 156 156 117 117 117 117 117 117 117 141 207 207 207 207 130 130 130 44 44 44 231 231 156 156 156 156 156 156 
156 156 156 117 117 117 117 117 117 117 117 207 207 207 207 207 130 153 153 44 44 231 156 156 156 156 156 156 156 
156 156 156 233 117 117 117 117 117 117 117 207 207 207 207 207 153 153 153 153 153 153 156 156 156 156 156 156 156 
227 227 233 233 117 117 117 117 117 117 117 207 207 207 207 153 153 153 153 153 153 153 29 227 227 227 227 227 227 
227 233 233 233 233 117 117 117 117 117 7 7 7 7 203 203 95 95 95 95 95 214 29 29 227 227 227 227 227 
227 233 233 233 233 62 62 62 117 117 7 7 7 7 203 203 95 95 95 95 95 214 29 29 29 35 35 35 227 
35 233 233 233 62 62 62 62 62 62 7 7 7 175 175 175 95 95 95 95 214 214 29 29 29 35 35 35 35 
35 35 233 62 62 62 62 62 62 62 7 7 175 175 175 175 175 175 95 49 214 214 29 29 29 35 35 35 35 
35 35 62 62 62 62 62 62 62 62 193 193 175 175 175 175 175 175 49 49 49 214 214 29 29 35 35 35 35 
35 35 62 62 62 62 62 62 62 193 193 193 175 175 175 175 175 49 49 49 49 49 214 29 63 63 35 35 35 
220 220 62 62 62 62 62 177 177 177 177 193 175 73 73 73 73 72 49 49 49 72 72 63 63 63 220 220 220 
210 121 121 125 125 125 125 177 177 177 177 177 73 73 73 73 73 73 72 72 72 72 72 72 179 210 210 210 210 
121 121 121 125 125 125 125 177 177 177 177 177 73 73 73 73 73 73 72 72 72 72 72 72 179 210 210 210 210 
121 121 121 121 125 125 125 177 177 177 177 177 73 73 73 73 73 73 72 72 72 72 72 72 72 210 210 210 121 
121 121 121 121 125 125 125 75 177 177 177 145 145 73 73 73 73 73 72 72 72 72 72 234 234 187 187 187 121 
121 121 121 121 121 75 75 75 75 75 177 145 145 73 73 73 73 73 72 72 72 234 234 234 234 187 187 187 187 
187 121 121 78 78 78 78 75 75 131 131 131 131 73 73 73 73 107 107 107 107 234 234 234 144 144 187 187 187 
187 121 121 78 78 78 78 78 131 131 131 131 205 205 73 73 107 107 107 107 107 234 234 144 144 144 144 187 187 
27 27 136 78 78 78 78 78 131 131 131 131 205 205 205 173 107 107 107 107 107 107 144 144 144 144 144 144 144 
27 27 78 78 78 78 78 78 131 131 131 131 205 205 22 22 107 107 107 107 107 107 144 144 144 144 144 27 27 
27 27 27 78 78 78 78 78 131 131 131 131 131 22 22 22 22 107 107 107 107 107 144 215 215 215 215 27 27 
27 27 27 189 189 189 160 160 160 160 160 131 22 22 22 22 22 190 190 107 107 181 181 215 215 215 215 27 27 
172 172 172 189 189 189 160 160 160 160 160 242 242 22 22 87 87 190 190 190 181 85 85 85 215 215 215 27 27 
172 172 172 172 189 189 160 160 160 160 160 242 242 87 87 87 87 87 190 181 181 85 85 85 83 83 83 83 172 
172 172 172 172 189 189 160 160 160 160 192 242 242 87 87 87 87 87 231 231 231 85 85 85 83 83 83 83 172 
172 172 172 172 71 71 71 160 160 141 141 242 242 87 87 87 87 87 231 231 231 231 85 85 83 83 83 83 172 
172 172 172 71 71 71 71 71 71 141 141 141 141 87 87 87 87 87 231 231 231 127 85 85 83 83 83 83 172 
156 172 172 71 71 71 71 68 68 141 141 141 141 130 130 130 130 130 231 231 231 127 127 85 83 83 83 156 156 
156 156 156 71 71 71 68 68 68 68 141 207 207 207 130 130 130 130 231 231 231 231 231 156 156 156 156 156 156 
156 156 156 117 117 117 117 68 68 68 46 207 207 207 207 130 130 130 130 231 231 231 156 156 156 156 156 156 156 
156 156 156 117 117 117 117 117 117 68 46 207 207 207 207 207 130 130 153 153 231 231 156 156 156 156 156 156 156 
156 156 156 233 117 117 117 117 117 117 46 207 207 207 207 207 153 153 153 153 153 153 156 156 156 156 156 227 156 
227 233 233 233 117 117 117 117 117 117 117 207 207 207 207 203 95 95 95 95 95 29 29 29 156 227 227 227 227 
227 233 233 233 233 117 117 117 117 117 117 207 207 203 203 203 95 95 95 95 95 29 29 29 29 227 227 227 227 
227 233 233 233 233 233 117 117 117 117 117 7 7 203 203 203 95 95 95 95 95 29 29 29 29 35 35 227 227 
35 233 233 233 233 62 62 62 62 62 193 7 175 175 203 203 95 95 95 95 29 29 29 29 29 35 35 35 35 
35 233 233 233 62 62 62 62 62 193 193 193 175 175 175 175 175 95 95 49 49 29 29 29 29 35 35 35 35 
35 35 233 62 62 62 62 62 62 193 193 193 193 175 175 175 175 49 49 49 49 29 29 29 29 35 35 35 35 
35 35 62 62 62 62 62 62 193 193 193 193 193 175 175 175 175 49 49 49 49 49 29 29 29 29 35 35 35 
35 35 62 62 125 125 125 125 177 193 193 193 193 73 73 73 73 72 49 49 49 72 179 179 179 179 35 35 35 
210 121 121 125 125 125 125 125 125 177 193 193 193 73 73 73 73 73 72 72 72 72 179 179 179 210 210 210 210 
121 121 121 125 125 125 125 125 125 177 193 145 73 73 73 73 73 73 72 72 72 72 72 72 179 210 210 210 210 
121 121 121 121 125 125 125 125 125 145 145 145 145 73 73 73 73 73 72 72 72 72 72 234 234 210 210 210 121 
121 121 121 121 125 125 125 75 75 145 145 145 145 73 73 73 73 73 72 72 72 234 234 234 234 144 210 121 121 
121 121 121 121 136 75 75 75 75 75 145 145 145 145 73 73 73 73 72 72 234 234 234 234 234 144 187 187 187 
121 121 121 136 136 78 75 75 75 75 131 145 145 145 73 73 73 107 107 107 234 234 234 234 144 144 187 187 187 
121 121 136 136 136 78 78 75 75 131 131 131 205 205 73 107 107 107 107 107 107 234 234 234 144 144 144 187 187 
27 27 136 136 78 78 78 78 131 131 131 131 205 205 22 22 107 107 107 107 107 234 234 144 144 144 144 144 27 
27 27 27 78 78 78 78 78 131 131 131 131 205 22 22 22 22 107 107 107 107 107 144 144 144 144 27 27 27 
27 27 27 78 78 78 78 78 131 131 131 131 22 22 22 22 22 190 107 107 107 107 144 215 215 215 27 27 27 
27 27 27 78 78 78 78 160 160 160 160 22 22 22 22 22 22 190 190 190 107 191 191 215 215 215 27 27 27 
27 27 172 189 189 189 160 160 160 160 160 22 22 22 22 22 22 190 190 190 190 191 191 191 191 27 27 27 27 
27 172 172 172 189 189 160 160 160 160 98 242 242 22 87 87 87 190 190 190 127 191 191 191 191 191 27 27 27 
172 172 172 71 71 71 71 71 160 232 192 242 242 87 87 87 87 87 87 127 127 191 191 191 191 191 83 83 172 
172 172 172 71 71 71 71 71 71 119 141 242 242 87 87 87 87 87 127 127 127 127 191 191 191 191 83 83 172 
172 172 71 71 71 71 71 71 71 141 141 141 141 87 87 87 87 87 127 127 127 127 127 191 191 191 83 83 156 
156 156 71 71 71 71 71 71 68 68 141 141 141 130 130 130 130 130 127 127 127 127 127 127 191 156 156 156 156 
156 156 156 71 71 71 68 68 68 68 46 46 207 207 130 130 130 130 127 127 127 127 127 127 156 156 156 156 156 
156 156 156 68 68 68 68 68 68 68 46 46 207 207 207 130 130 130 130 127 127 127 127 156 156 156 156 156 156 
156 156 156 117 117 117 68 68 68 68 46 46 207 207 207 207 130 130 130 127 127 127 156 156 156 156 156 156 156 
156 156 156 233 117 117 117 117 117 68 46 46 207 207 207 207 207 153 153 153 153 29 29 156 156 156 156 156 156 
227 227 233 233 117 117 117 117 117 117 46 46 207 207 207 203 95 95 95 95 95 29 29 29 227 227 227 227 227 
227 233 233 233 233 117 117 117 117 117 117 46 207 203 203 203 95 95 95 95 95 29 29 29 29 227 227 227 227 
227 233 233 233 233 233 117 117 117 117 117 46 203 203 203 203 95 95 95 95 29 29 29 29 29 29 227 227 227 
35 233 233 233 233 233 62 62 117 117 193 193 193 203 203 203 95 95 95 95 29 29 29 29 29 29 35 35 35 
35 35 233 233 233 62 62 62 62 193 193 193 193 193 175 203 95 95 95 49 29 29 29 29 29 29 35 35 35 
35 35 233 233 62 62 62 62 193 193 193 193 193 193 175 175 175 49 49 49 49 29 29 29 29 29 35 35 35 
35 35 125 125 125 62 62 125 193 193 193 193 193 193 175 73 73 49 49 49 49 49 179 179 179 29 35 35 35 
35 35 125 125 125 125 125 125 125 193 193 193 193 193 73 73 73 73 49 49 49 72 179 179 179 179 210 210 210 
210 121 121 125 125 125 125 125 125 193 193 193 193 73 73 73 73 73 72 72 72 72 179 179 179 210 210 210 210 
121 121 121 125 125 125 125 125 125 145 145 145 145 73 73 73 73 73 72 72 72 72 72 179 179 210 210 210 210 
121 121 121 121 125 125 125 125 125 145 145 145 145 73 73 73 73 73 72 72 72 72 72 234 210 210 210 210 210 
121 121 121 121 125 125 125 75 75 145 145 145 145 145 73 73 73 73 72 72 72 234 234 234 234 210 210 210 121 
121 121 121 121 136 75 75 75 75 75 145 145 145 145 73 73 73 73 72 72 234 234 234 234 234 144 187 187 121 
121 121 121 136 136 75 75 75 75 75 145 145 145 145 73 73 202 107 107 107 234 234 234 234 234 144 144 187 121 
121 121 136 136 136 136 75 75 75 75 75 145 145 145 109 202 202 107 107 107 234 234 234 234 144 144 144 144 27 
27 27 136 136 136 78 78 75 75 75 131 131 205 22 109 109 202 107 107 107 107 234 234 234 144 144 144 27 27 
27 27 136 136 78 78 78 78 75 131 131 131 22 22 109 109 109 107 107 107 107 234 144 144 144 27 27 27 27 
27 27 27 136 78 78 78 13 13 98 98 22 22 22 22 22 22 190 107 107 107 234 4 215 215 27 27 27 27 
27 27 27 27 78 78 13 13 98 98 98 98 22 22 22 22 22 190 190 190 190 191 191 215 27 27 27 27 27 
27 27 27 97 97 97 13 13 98 98 98 98 22 22 22 22 22 190 190 190 190 191 191 191 191 27 27 27 27 
27 27 97 97 97 97 97 232 232 98 98 98 22 22 22 22 22 190 190 190 127 191 191 191 191 191 27 27 27 
27 172 2 71 71 71 71 71 232 232 119 119 87 87 87 87 22 190 190 127 127 191 191 191 191 191 191 27 27 
172 2 2 71 71 71 71 71 71 119 119 119 119 87 87 87 87 87 127 127 127 127 191 191 191 191 191 191 27 
172 2 2 71 71 71 71 71 71 119 119 119 119 87 87 87 87 127 127 127 127 127 127 191 191 191 191 156 156 
156 71 71 71 71 71 71 71 71 119 119 119 119 130 130 130 130 130 127 127 127 127 127 127 191 42 156 156 156 
156 156 71 71 71 71 68 68 68 68 46 46 46 207 130 130 130 130 127 127 127 127 127 127 42 42 156 156 156 
156 156 14 68 68 68 68 68 68 68 46 46 46 207 207 130 130 130 130 127 127 127 127 42 42 42 156 156 156 
156 156 14 14 68 68 68 68 68 68 46 46 46 207 207 207 130 165 165 127 127 127 42 42 42 42 156 156 156 
156 156 14 14 117 68 68 68 68 68 46 46 46 207 207 207 165 165 153 153 127 10 10 42 42 156 156 156 156 
156 156 14 233 117 117 117 117 117 68 46 46 46 207 207 203 95 95 95 95 29 10 10 10 66 227 227 227 227 
227 233 233 233 233 117 117 117 117 117 46 46 46 203 203 203 95 95 95 95 29 29 29 29 29 227 227 227 227 
227 233 233 233 233 233 117 117 117 219 219 46 203 203 203 203 95 95 95 95 29 29 29 29 29 29 227 227 227 
35 233 233 233 233 233 117 117 219 219 219 193 193 203 203 203 95 95 95 95 29 29 29 29 29 29 35 35 35 
35 35 233 233 233 62 62 62 219 193 193 193 193 193 203 203 95 95 95 49 29 29 29 29 29 29 35 35 35 
35 35 233 233 233 62 62 219 219 193 193 193 193 193 193 175 175 49 49 49 49 29 29 29 29 29 35 35 35 
35 35 125 125 125 125 125 125 193 193 193 193 193 193 193 73 73 49 49 49 49 179 179 179 179 29 29 35 35 
35 125 125 125 125 125 125 125 125 193 193 193 193 193 73 73 73 73 72 49 72 179 179 179 179 179 210 210 210 
210 121 121 125 125 125 125 125 125 193 193 193 193 193 73 73 73 73 72 72 72 72 179 179 179 210 210 210 210 
121 121 121 125 125 125 125 125 125 193 193 145 193 73 73 73 73 73 72 72 72 72 179 179 179 210 210 210 210 
121 121 121 121 125 125 125 125 125 145 145 145 145 145 73 73 73 73 72 72 72 72 234 234 210 210 210 210 210 
121 121 121 121 125 125 125 75 75 145 145 145 145 145 145 73 73 73 72 72 234 234 234 234 234 210 210 210 121 
121 121 121 121 136 75 75 75 75 48 48 145 145 145 145 73 73 202 72 234 234 234 234 234 234 234 210 210 121 
121 121 121 136 136 75 75 75 75 48 48 48 48 48 48 202 202 202 202 234 234 234 234 234 234 144 144 187 121 
121 121 136 136 136 136 75 75 75 75 48 48 48 48 109 202 202 202 202 202 234 234 234 234 4 144 144 27 27 
27 27 136 136 136 136 75 75 75 75 48 48 48 109 109 109 202 202 202 202 105 105 234 4 4 144 27 27 27 
27 27 27 136 136 78 13 13 13 98 98 48 109 109 109 109 109 202 202 202 105 105 4 4 4 27 27 27 27 
27 27 27 136 78 78 13 13 13 98 98 98 22 22 109 109 109 190 190 190 105 105 4 4 27 27 27 27 27 
27 27 27 97 97 97 13 13 98 98 98 98 22 22 22 22 22 190 190 190 190 105 4 4 27 27 27 27 27 
27 27 27 97 97 97 13 13 98 98 98 98 22 22 22 22 22 190 190 190 190 191 191 191 191 27 27 27 27 
27 27 97 97 97 97 97 232 232 98 98 98 22 22 22 22 22 190 190 190 127 191 191 191 191 191 27 27 27 
27 2 2 97 97 97 97 232 232 232 119 119 119 22 22 22 22 190 190 127 127 191 191 191 191 191 191 27 27 
2 2 2 2 71 71 71 232 232 119 119 119 119 119 56 56 56 127 127 127 127 127 191 191 191 191 191 191 27 
2 2 2 2 71 71 71 71 71 119 119 119 119 119 56 56 56 56 127 127 127 127 127 191 191 191 191 42 42 
156 2 2 2 71 71 71 71 68 119 119 119 119 119 56 56 56 56 127 127 127 127 127 127 42 42 42 42 42 
156 156 2 2 71 71 68 68 68 68 119 46 46 207 165 165 165 165 127 127 127 127 127 42 42 42 42 42 42 
156 156 14 14 68 68 68 68 68 68 46 46 46 46 165 165 165 165 165 127 127 127 127 42 42 42 42 42 156 
156 14 14 14 14 68 68 68 68 68 46 46 46 46 165 165 165 165 165 165 127 127 42 42 42 42 42 42 156 
156 14 14 14 14 68 68 68 68 68 46 46 46 46 165 165 165 165 165 165 10 10 10 42 42 42 42 42 156 
156 14 14 14 14 14 68 68 68 68 46 46 46 207 165 165 165 165 95 95 10 10 10 10 66 66 66 66 227 
227 14 14 14 14 14 117 117 117 68 46 46 46 203 203 165 95 95 95 95 29 29 10 10 10 66 157 157 157 
227 14 14 14 14 14 117 117 219 219 219 219 193 111 203 203 95 95 95 95 29 29 29 29 29 29 157 157 157 
35 233 233 233 233 233 117 219 219 219 219 219 193 111 111 203 95 95 95 29 29 29 29 29 29 29 157 157 157 
35 35 233 233 233 62 62 219 219 219 219 193 193 111 111 111 95 95 95 29 29 29 29 29 29 29 29 29 35 
35 35 233 233 125 125 125 219 219 193 193 193 193 193 193 193 193 49 49 49 29 29 29 29 29 29 29 29 35 
35 35 125 125 125 125 125 125 219 193 193 193 193 193 193 73 73 49 49 49 49 179 179 179 179 29 29 35 210 
35 125 125 125 125 125 125 125 125 193 193 193 193 193 193 73 73 73 72 49 72 179 179 179 179 179 210 210 210 
attribute "dep" string "positions"
#
# A field is created with three components: "positions", "connections",
# and "data"
object "regular positions regular connections" class field
component  "positions"    value 1
component  "connections"  value 2
component  "data"         value 3
#
end
