-2.92144e+08 0 0 0
1 -0.893922 -0.0198581 -0.252863
2 1.84398 21.3593 -2.70319
3 -0.207852 -1.28967 -0.0212646
4 -1.25944 -1.1038 -0.986099
5 -1.11462 -1.04322 1.49297
6 -0.892078 -0.206246 -0.0947777
7 -0.145777 0.921143 10.158
8 7.42348 -2.02677 -7.73278
9 3.49986 -3.82923 0.40943
10 -0.203489 -0.98304 0.0335861
11 1.01039 -1.41611 1.12358
12 0.171206 0.815775 -0.0130171
13 1.16185 -0.238836 -1.37009
14 0.175488 1.30329 -0.222975
15 -0.0990949 0.788863 -0.024061
16 -6.01789 -46.6677 -44.2582
17 -1.22626 -0.991526 -1.36839
18 0.0452265 -1.05584 0.124977
19 0.797352 0.670242 0.814119
20 -1.30805 -1.59703 -1.67028
21 0.081959 0.0519749 -0.0532757
22 -0.0110666 -0.892543 0.110218
23 -0.0119673 1.40434 0.000307886
24 3.35433 -5.58112 3.98922
25 -0.878855 -0.783795 0.752312
26 1.02702 -0.932734 1.08338
27 -23.9426 5.5572 26.2293
28 -1.633 -8.60855 -7.46615
29 -0.716452 0.638063 -1.06878
30 -6.85645 6.14915 -0.172166
31 -7.43531 7.07298 -1.35379
32 0.984283 -0.712678 1.14983
33 0.0710332 0.823964 0.0824062
34 1.58302 4.23694 -3.83465
35 -0.822443 -0.26162 -9.53864
36 0.0710332 0.823964 0.0824062
37 -0.207852 -1.28967 -0.0212646
38 -0.127276 -0.0545941 -0.0264861
39 -18.4261 171.28 5.61479
40 0.123443 0.0684206 -0.0897228
41 0.708679 -0.887173 0.827517
42 6.51663 6.80277 1.19436
43 -1.10724 -7.29732 -5.77738
44 -0.984978 0.947519 1.28126
45 -0.162622 0.127248 -0.953211
46 -1.13127 1.22994 -1.25219
47 0.0828799 -1.40761 1.21639
48 -0.864031 -0.133035 -0.151095
49 -0.0570174 -0.0663053 1.07672
50 -0.192643 0.0514473 0.790045
51 -1.00403 8.23998 -0.860456
52 1.99048 11.8335 -0.537335
53 -1.19873 0.961574 1.11766
54 1.93938 -1.15613 -0.512284
55 6.09409e-05 1.17962 0.0740339
56 -1.14709 1.2453 0.810978
57 0.953918 0.868766 1.17379
58 -5.4614 -1.62092 -2.25028
59 -0.125647 -0.035713 -1.48142
60 -1.35103 -1.42408 0.996615
61 0.0160833 -1.25204 0.248816
62 1.3213 1.39723 1.22175
63 -0.0367252 0.0111022 -0.0781101
64 0.242768 30.198 -3.76045
65 -0.238029 7.77674 -0.334147
66 9.47051 0.548718 -1.17455
67 0.903259 -1.04043 0.816454
68 -1.25817 1.45195 0.810517
69 0.974195 -0.204425 -0.0125962
70 1.07827 -0.989341 0.997767
71 -0.908161 -0.901104 1.03934
72 -0.306328 -1.9258 0.033856
73 -1.30503 -1.03975 -1.26895
74 -0.130181 -1.13814 0.00840835
75 0.877755 -1.44474 0.988372
76 -0.15612 5.80721 -0.0669214
77 0.361195 5.00233 -5.6281
78 -6.57538 0.729472 -7.13439
79 -1.31827 -0.00708767 -0.199012
80 -1.63157 -1.56368 1.24341
81 -0.460881 4.46812 -4.12378
82 -0.796358 7.83859 9.56342
83 0.801019 0.817115 0.89783
84 0.0394229 -0.0960449 -0.076429
85 0.733107 8.573 10.9644
86 0.932071 0.767181 -0.700981
87 -1.26697 -1.19167 1.25682
88 -0.159151 0.0319681 -0.170422
89 23.2421 19.7134 -1.56059
90 0.762243 -0.042624 -0.119561
91 -0.585341 -1.59777 -0.00716857
92 0.741487 7.44906 6.51811
93 7.19782 0.0548817 -0.544104
94 1.25535 1.33298 -1.2236
95 -10.3393 -0.897194 -9.30868
96 -1.31827 -0.00708767 -0.199012
97 -0.666802 2.58681 0.255412
98 -1.15994 1.34724 -1.14111
99 1.16507 -4.25701 -1.09473
100 -0.00165052 0.135529 0.987367
101 -49.686 15.7018 -35.8812
102 0.594828 4.8075 0.3116
103 -1.08782 0.797364 -1.32415
104 6.64757 50.7683 -0.367982
105 0.939572 0.765725 0.88981
106 0.490021 0.151807 -0.443239
107 1.03611 0.686462 -0.770261
108 3.35433 -5.58112 3.98922
109 0.821452 -0.71384 -0.769438
110 -0.628985 1.0749 -0.84267
111 -0.947623 1.36483 1.33156
112 0.716004 -1.04324 -0.647102
113 -0.155144 0.123842 0.907574
114 3.49986 -3.82923 0.40943
115 1.99307 -1.30924 16.3914
116 2.27875 12.3424 10.7393
117 -1.17741 -1.51004 -1.39944
118 1.11628 -0.104208 -0.00475711
119 1.25466 1.22907 -1.14829
120 0.0509745 -0.593819 0.285515
121 -0.57352 0.626371 -1.69288
122 -45.2701 -52.8848 0.483137
123 -0.0509496 0.988761 -0.15419
124 9.68564 -1.31543 -9.39409
125 1.00712 -0.0375553 -0.241511
126 0.141443 1.14851 -0.182423
127 -0.00331018 -0.843985 -0.235663
128 -1.49044 -1.15775 0.859388
129 -15.8018 -1.71584 0.907185
130 17.5744 -42.3385 -23.021
131 173.757 12.6995 17.905
132 -1.34729 0.945216 -1.09325
133 -1.48616 1.20626 1.25671
134 -3.21358 -13.1897 14.1579
135 -0.984978 0.947519 1.28126
136 0.781528 0.529632 0.795851
137 -0.978793 1.38488 0.879449
138 0.192421 1.17055 0.158803
139 -6.91582 0.00860912 -6.5174
140 22.7008 -1.97166 -1.66501
141 0.972736 0.113954 0.0092126
142 -0.690571 -0.71949 0.819406
143 0.0800913 0.016166 0.0093745
144 3.82665 3.02252 0.471387
145 -0.834426 -0.079815 -0.211402
146 -0.0839865 3.2205 3.05638
147 -1.11244 -1.08569 1.22478
148 -0.0372886 31.3343 -1.85479
149 0.143866 0.0308302 -1.11422
150 -0.087249 -0.107347 -1.25097
151 -1.55331 1.19443 1.20568
152 0.171206 0.815775 -0.0130171
153 -1.06004 0.238455 0.0892156
154 -45.978 -41.9682 0.359537
155 -0.870012 -1.17175 -1.27302
156 -0.0549092 -0.00859122 0.903304
157 1.64374 -1.88025 -0.842966
158 -0.207852 -1.28967 -0.0212646
159 -1.12624 -0.155091 -0.0382225
160 0.0941045 -0.140582 -0.435136
161 1.1375 0.863817 -1.05317
162 1.04515 -0.788083 1.1791
163 0.137973 0.0646046 1.28899
164 0.490021 0.151807 -0.443239
165 -0.980068 -1.06638 0.626212
166 -0.749752 -0.605382 0.754923
167 1.16507 -5.61061 7.20891
168 1.01039 -1.41611 1.12358
169 -0.824127 0.999988 1.12196
170 2.68279 10.8164 10.5078
171 -4.83176 -4.35924 0.0397909
172 0.892997 41.3238 -34.7412
173 -1.17601 -1.2646 1.10113
174 1.03799 1.15865 -1.01727
175 0.0188548 0.0430674 0.00369702
176 5.0163 -5.16127 0.216412
177 0.121796 0.843365 0.0340134
178 0.116519 0.821138 -0.191957
179 0.973495 0.0186433 -0.103733
180 -0.083394 -1.31384 -8.97277
181 1.6085 13.0353 0.490761
182 0.901459 -0.164344 -0.0286571
183 -1.42535 5.5621 -5.26938
184 -1.04988 -0.725279 -11.6472
185 1.26817 -1.38139 1.39327
186 -0.814381 0.972786 0.743151
187 0.800555 0.587922 -0.978743
188 -1.21313 -1.03822 -0.945091
189 23.2421 19.7134 -1.56059
190 -1.30874 -0.881407 -0.445536
191 -1.05652 0.786284 -0.88802
192 -0.984978 0.947519 1.28126
193 -1.06393 -0.382389 8.84306
194 -2.74848 -38.1543 -25.2069
195 1.06531 -1.48155 -1.42029
196 0.0761174 0.00929595 0.0148051
197 -15.8018 -1.71584 0.907185
198 0.883474 -0.177184 -0.127717
199 0.242768 30.198 -3.76045
200 0.771506 -0.040748 0.135952
201 -0.640669 11.3063 -11.2845
202 0.029347 -1.1045 -0.112588
203 1.00426 -1.28017 -1.04064
204 -0.749752 -0.605382 0.754923
205 0.242768 30.198 -3.76045
206 -1.14045 -0.944335 1.10972
207 0.984588 -0.948902 -0.887794
208 4.2841 0.310688 3.36978
209 -0.719332 0.874338 0.857661
210 2.84183 19.7703 -17.4919
211 224.794 28.031 -233.484
212 0.870112 0.160555 -0.000719698
213 -0.871558 -6.93498 8.54811
214 -0.892396 -0.85711 0.895068
215 -1.37645 -0.890388 0.929587
216 -4.16547 0.062659 40.3449
217 -0.953685 0.904092 -1.12758
218 3.56239 -0.898232 3.25721
219 -0.094527 0.861937 -0.206508
220 0.598992 0.783029 -0.818467
221 -0.0714267 -0.730366 0.0353678
222 0.494963 9.02408 -0.519824
223 0.446063 -0.617259 9.87874
224 4.12974 28.0795 1.40979
225 20.964 -1.54348 -21.6772
226 -2.30575 -14.3733 -16.3863
227 -0.772365 0.754153 -1.10381
228 -0.661082 -0.594628 0.956687
229 -0.749752 -0.605382 0.754923
230 0.927229 0.219679 0.0259771
231 0.139379 -0.263801 -0.947966
232 1.07122 -1.37052 -1.09011
233 0.646698 0.690128 -0.772058
234 -0.160211 1.04239 -8.69354e-05
235 0.870112 0.160555 -0.000719698
236 -0.7514 0.78826 -0.979166
237 -0.913244 -1.18099 1.15487
238 -0.995276 -0.358843 5.80036
239 -1.34416 -0.949008 1.42707
240 -1.03595 -0.0352633 0.18553
241 -4.16115 -15.0345 18.2406
242 3.10499 -0.263834 3.41819
243 -1.19664 0.429399 -0.269136
244 16.1845 -1.07072 -17.6113
245 -4.76639 1.48686 24.1013
246 -1.46593 -1.22111 1.04994
